% # columns="iteration, evaluation, sigma, max axis length,  min axis length, all principal axes lengths  (sorted square roots of eigenvalues of C)", seed=448579, Wed May 20 15:09:51 2026
1 6 0.37076243618625637 1.0000250003125026 1.0 1.0 1.0000250003125026
2 12 0.4091626969198056 0.949419483167236 0.8506554697030759 0.8506554697030759 0.949419483167236
3 18 0.46426021132270506 1.145234604681772 0.7616923334255493 0.7616923334255493 1.145234604681772
4 24 0.648772876932984 1.1961481919496624 0.7002293509802355 0.7002293509802355 1.1961481919496624
5 30 0.515629459123923 1.4939522467811694 0.673793063432318 0.673793063432318 1.4939522467811694
6 36 0.42886434266040113 1.4319789755639083 0.5324607977301993 0.5324607977301993 1.4319789755639083
7 42 0.6182479287338088 1.2514746618820156 0.4840220857133928 0.4840220857133928 1.2514746618820156
8 48 0.6114073584695402 1.6611914408154358 0.46102406162137444 0.46102406162137444 1.6611914408154358
9 54 0.5748681371182918 1.4210587153384058 0.4656171341315785 0.4656171341315785 1.4210587153384058
10 60 0.4862499003520533 1.530539060988988 0.4003601264198762 0.4003601264198762 1.530539060988988
11 66 0.45759471804667673 1.255218402333724 0.4017136695547326 0.4017136695547326 1.255218402333724
12 72 0.3839004057527182 1.3067980420616927 0.3307076217143389 0.3307076217143389 1.3067980420616927
13 78 0.45372538861068634 1.242855994016559 0.27747775257034546 0.27747775257034546 1.242855994016559
14 84 0.42709715102291507 1.130627335300354 0.32404014272967074 0.32404014272967074 1.130627335300354
15 90 0.4730725726506982 1.148131377086018 0.2797519572781309 0.2797519572781309 1.148131377086018
16 96 0.4576960461712379 0.9723743599018468 0.3257616826826452 0.3257616826826452 0.9723743599018468
17 102 0.4706440209148087 0.9238957267764676 0.3185929456092085 0.3185929456092085 0.9238957267764676
18 108 0.5957300498457704 0.9591324895988282 0.29914904448130686 0.29914904448130686 0.9591324895988282
19 114 0.4966449521175918 1.1915628384904555 0.254413875349406 0.254413875349406 1.1915628384904555
20 120 0.6799160495852405 1.1506114882904916 0.22320691702182097 0.22320691702182097 1.1506114882904916
21 126 0.9337931639145576 1.6899277956592185 0.205837385307247 0.205837385307247 1.6899277956592185
22 132 0.933764117454389 2.166340917896569 0.1637961772594626 0.1637961772594626 2.166340917896569
23 138 0.8368030539583019 1.9710612934597957 0.15487545225391067 0.15487545225391067 1.9710612934597957
24 144 0.7350968448219155 1.8348811614938543 0.136693674949003 0.136693674949003 1.8348811614938543
25 150 0.6216519314838126 1.7327416265376037 0.13516438346422663 0.13516438346422663 1.7327416265376037
26 156 0.6389920081943025 1.4877017192836615 0.13503232150565883 0.13503232150565883 1.4877017192836615
27 162 0.5198739594345755 1.6139332994899438 0.12377356873816041 0.12377356873816041 1.6139332994899438
28 168 0.5829625636400457 1.50537851842586 0.10717180811977871 0.10717180811977871 1.50537851842586
29 174 0.5859216372359443 1.4316151267142012 0.11514291898761128 0.11514291898761128 1.4316151267142012
30 180 0.6920009138981348 1.4058915412189346 0.11025619948511327 0.11025619948511327 1.4058915412189346
31 186 0.6090406299686938 1.2132652402764912 0.13099165134926016 0.13099165134926016 1.2132652402764912
32 192 0.9050144568618417 1.1551228413125305 0.12148410850482826 0.12148410850482826 1.1551228413125305
33 198 0.8568949173293529 1.3922509402704877 0.12635274008188535 0.12635274008188535 1.3922509402704877
34 204 0.6526065644732701 1.3492548840158134 0.09989147597134139 0.09989147597134139 1.3492548840158134
35 210 0.743996484272966 1.2226109342974276 0.0955384276942993 0.0955384276942993 1.2226109342974276
36 216 0.7517478380116677 1.1620007956230298 0.10920924866521053 0.10920924866521053 1.1620007956230298
37 222 0.9828543276751424 1.1977278476111368 0.0982947196672556 0.0982947196672556 1.1977278476111368
38 228 0.7410790363471392 1.3983042293603343 0.09271512329514822 0.09271512329514822 1.3983042293603343
39 234 0.773892979616687 1.2843788881384097 0.08485567024294498 0.08485567024294498 1.2843788881384097
40 240 0.7522861986973403 1.4139043151419863 0.07522665845480998 0.07522665845480998 1.4139043151419863
41 246 0.7733076120824185 1.2816400161477361 0.07587412716040323 0.07587412716040323 1.2816400161477361
42 252 0.5897308198598782 1.0809181429059174 0.09023415713591436 0.09023415713591436 1.0809181429059174
43 258 0.4353020411529511 0.9460787909491929 0.08209859357804804 0.08209859357804804 0.9460787909491929
44 264 0.3547675076505 0.8662878089129374 0.07178245168399493 0.07178245168399493 0.8662878089129374
45 270 0.3924172948700084 0.7847669741537688 0.06721434141494277 0.06721434141494277 0.7847669741537688
46 276 0.33139351791152855 0.8460475335585231 0.06189084340605971 0.06189084340605971 0.8460475335585231
47 282 0.33097280112152944 0.7682757472538172 0.054086314016530836 0.054086314016530836 0.7682757472538172
48 288 0.28863053884456513 0.7728350070047387 0.0493670620528654 0.0493670620528654 0.7728350070047387
49 294 0.2997384132631224 0.7245917262752272 0.04417805553874654 0.04417805553874654 0.7245917262752272
50 300 0.3897409926623617 0.7897705395012077 0.03611747877616576 0.03611747877616576 0.7897705395012077
51 306 0.3437575688845451 0.9434485961842798 0.03764387910459879 0.03764387910459879 0.9434485961842798
52 312 0.3400942880812733 0.8704204338792507 0.033451283268462736 0.033451283268462736 0.8704204338792507
53 318 0.4159447853305158 0.8683842927467595 0.03029176119379132 0.03029176119379132 0.8683842927467595
54 324 0.3479399149740457 0.8528275539447218 0.033909000907222514 0.033909000907222514 0.8528275539447218
55 330 0.31756858946837324 0.8864516431399557 0.030669998775446634 0.030669998775446634 0.8864516431399557
56 336 0.27714676701163826 0.874486074118693 0.027407211098179673 0.027407211098179673 0.874486074118693
57 342 0.2532161238218743 0.935145441153411 0.022753925037029738 0.022753925037029738 0.935145441153411
58 348 0.24668101363777747 0.9156390633680982 0.019913198555454457 0.019913198555454457 0.9156390633680982
59 354 0.204269352564282 0.9574663073552515 0.01909321660189633 0.01909321660189633 0.9574663073552515
60 360 0.21878747267232976 0.891293155387268 0.018286506638080156 0.018286506638080156 0.891293155387268
61 366 0.20213916934416537 0.8519244993332747 0.01991925734926095 0.01991925734926095 0.8519244993332747
62 372 0.1598876235445848 0.7589832554999415 0.019086429443540533 0.019086429443540533 0.7589832554999415
63 378 0.12533273072446904 0.6528167402736134 0.01914220571918579 0.01914220571918579 0.6528167402736134
64 384 0.12773270349592467 0.5953253877102198 0.01638635923529684 0.01638635923529684 0.5953253877102198
65 390 0.1247544575502916 0.6116083805865516 0.015942336745865378 0.015942336745865378 0.6116083805865516
66 396 0.09873867299646877 0.6300941737848007 0.013300581788319506 0.013300581788319506 0.6300941737848007
67 402 0.09803682469705409 0.529902970380112 0.012612358781707312 0.012612358781707312 0.529902970380112
68 408 0.10161306788425022 0.5417053214713633 0.011829466941721163 0.011829466941721163 0.5417053214713633
69 414 0.10927823990217751 0.494336004477311 0.013330821247942179 0.013330821247942179 0.494336004477311
70 420 0.08720499801826033 0.43397246599507894 0.014340368511116803 0.014340368511116803 0.43397246599507894
71 426 0.08066225173968701 0.39032395135500353 0.012858283676797757 0.012858283676797757 0.39032395135500353
72 432 0.10213403085662219 0.38314045583671824 0.011276407850077415 0.011276407850077415 0.38314045583671824
73 438 0.09732487554556232 0.355521148257961 0.012606597771772433 0.012606597771772433 0.355521148257961
74 444 0.11406930028247017 0.3574512124623504 0.010002303316676195 0.010002303316676195 0.3574512124623504
75 450 0.16101311719840783 0.43512215296117507 0.008500471594990155 0.008500471594990155 0.43512215296117507
76 456 0.1409361009460939 0.45648895262026445 0.010411590403770685 0.010411590403770685 0.45648895262026445
77 462 0.13233473732232687 0.40805212938882945 0.009128158475448622 0.009128158475448622 0.40805212938882945
78 468 0.12772512700290983 0.42769112311598545 0.0072988068123742995 0.0072988068123742995 0.42769112311598545
79 474 0.1629157443777835 0.4303748948926202 0.0068299313714384885 0.0068299313714384885 0.4303748948926202
80 480 0.139353067962449 0.5065394528726431 0.0066407230871787315 0.0066407230871787315 0.5065394528726431
81 486 0.15438321027735505 0.4565512527210041 0.006342484431163141 0.006342484431163141 0.4565512527210041
82 492 0.1259144662220243 0.5328529517510102 0.005992266426446447 0.005992266426446447 0.5328529517510102
83 498 0.09819846540102302 0.4378150842488379 0.006141612510743295 0.006141612510743295 0.4378150842488379
84 504 0.09765729034618324 0.3681781791898981 0.00574857025327123 0.00574857025327123 0.3681781791898981
85 510 0.10272049964666695 0.3914736897293368 0.005302129491863528 0.005302129491863528 0.3914736897293368
86 516 0.12746215235456199 0.42320497396102297 0.005026288954533608 0.005026288954533608 0.42320497396102297
87 522 0.1558140391980453 0.4304974350346115 0.005656558574762847 0.005656558574762847 0.4304974350346115
88 528 0.14813284383956116 0.48165345443930224 0.005672743499539101 0.005672743499539101 0.48165345443930224
89 534 0.1362038933878829 0.4371285651958137 0.0052877052801986145 0.0052877052801986145 0.4371285651958137
90 540 0.18062624128323437 0.44272580941686257 0.004859580613896978 0.004859580613896978 0.44272580941686257
91 546 0.14869009627369745 0.5868043428829792 0.004192727982820786 0.004192727982820786 0.5868043428829792
92 552 0.12340544798000476 0.5164461850871843 0.0038376508396518396 0.0038376508396518396 0.5164461850871843
93 558 0.11034458321411829 0.4256696531492569 0.0036181457924890728 0.0036181457924890728 0.4256696531492569
94 564 0.09107002294635023 0.3567783520359212 0.003730538079437118 0.003730538079437118 0.3567783520359212
95 570 0.09667923743719296 0.3367315623422424 0.0032665703048410165 0.0032665703048410165 0.3367315623422424
96 576 0.08147340414150764 0.3021043000100498 0.0035583482844168852 0.0035583482844168852 0.3021043000100498
97 582 0.08152002956774666 0.2722548576195716 0.0033874633519723257 0.0033874633519723257 0.2722548576195716
98 588 0.09080482328095542 0.27829522654167677 0.0031391927612547475 0.0031391927612547475 0.27829522654167677
99 594 0.07493227767409472 0.31599398358423286 0.00291738112817588 0.00291738112817588 0.31599398358423286
100 600 0.0916280708134066 0.2699695161655781 0.0028559786119072635 0.0028559786119072635 0.2699695161655781
101 606 0.1341109946424369 0.23082088203055717 0.003591946078907586 0.003591946078907586 0.23082088203055717
102 612 0.16913546611861668 0.26198551679527204 0.0036316890832748298 0.0036316890832748298 0.26198551679527204
103 618 0.13928193836946642 0.25944814488468265 0.004155236102138795 0.004155236102138795 0.25944814488468265
104 624 0.12172085870399452 0.22013757589458074 0.0038727629922865204 0.0038727629922865204 0.22013757589458074
105 630 0.0932818016306923 0.2056296451076934 0.00343120687543351 0.00343120687543351 0.2056296451076934
106 636 0.07753947244601717 0.16735447507829757 0.0032390671752965078 0.0032390671752965078 0.16735447507829757
107 642 0.0653605698636513 0.1514493550678962 0.0029936394969959025 0.0029936394969959025 0.1514493550678962
108 648 0.06311432469258918 0.1411498607301637 0.002631918283510433 0.002631918283510433 0.1411498607301637
109 654 0.06197256199234219 0.14312271887105557 0.0024082917782852955 0.0024082917782852955 0.14312271887105557
110 660 0.06930174307700745 0.13550085179544696 0.0024493169757862756 0.0024493169757862756 0.13550085179544696
111 666 0.07915587217295868 0.13215912476117853 0.0025623028684244003 0.0025623028684244003 0.13215912476117853
112 672 0.06185704744228967 0.14067256626327604 0.0022543933598823704 0.0022543933598823704 0.14067256626327604
113 678 0.047917319116169144 0.14725724869572182 0.0017815208295795392 0.0017815208295795392 0.14725724869572182
114 684 0.0501232431059321 0.12576631117925172 0.0016037766987664441 0.0016037766987664441 0.12576631117925172
115 690 0.04949615294895581 0.1218590064208153 0.0016050277483702796 0.0016050277483702796 0.1218590064208153
116 696 0.03921206700378691 0.11985119957232791 0.0015080546360921312 0.0015080546360921312 0.11985119957232791
117 702 0.03410375466838736 0.10942907244822694 0.0013078763194228874 0.0013078763194228874 0.10942907244822694
118 708 0.026881712097556857 0.1018072852419462 0.0011337336700558078 0.0011337336700558078 0.1018072852419462
119 714 0.019557866651983835 0.09176806011670198 0.0010951281332966768 0.0010951281332966768 0.09176806011670198
120 720 0.015433024314229533 0.07542485531086364 0.0010158936615422564 0.0010158936615422564 0.07542485531086364
121 726 0.012101816806012897 0.06955525256859282 0.0008700790530925063 0.0008700790530925063 0.06955525256859282
122 732 0.013127504356044935 0.06360808953451005 0.0007434547843501494 0.0007434547843501494 0.06360808953451005
123 738 0.016796446795879452 0.0628461035440423 0.0007691001198589944 0.0007691001198589944 0.0628461035440423
124 744 0.016536343486169003 0.08445579420076982 0.0006530691879567429 0.0006530691879567429 0.08445579420076982
125 750 0.015833434036442665 0.07865028645976645 0.000697590143330768 0.000697590143330768 0.07865028645976645
126 756 0.013762241454299143 0.07298747336225954 0.0006426928629196869 0.0006426928629196869 0.07298747336225954
127 762 0.013120559742606612 0.06423583235314355 0.0006019051969162431 0.0006019051969162431 0.06423583235314355
128 768 0.01509689728339797 0.05994956103904795 0.0006190339176231682 0.0006190339176231682 0.05994956103904795
129 774 0.02102456241088256 0.06328269249474615 0.0006029474978030737 0.0006029474978030737 0.06328269249474615
130 780 0.016692890898721748 0.07548530701600416 0.0005955268028244048 0.0005955268028244048 0.07548530701600416
131 786 0.020133976038504166 0.06679415457937984 0.0005238896146656407 0.0005238896146656407 0.06679415457937984
132 792 0.014839585786749973 0.08141777515819976 0.0004912268338533174 0.0004912268338533174 0.08141777515819976
133 798 0.013937310563460854 0.07232761268164267 0.00044297809101715444 0.00044297809101715444 0.07232761268164267
134 804 0.011302214871190795 0.07094154478462913 0.0004050426080593501 0.0004050426080593501 0.07094154478462913
135 810 0.01295069500161205 0.06469844977055582 0.00037438480222219716 0.00037438480222219716 0.06469844977055582
136 816 0.012516088608508617 0.06315058570230629 0.00041056191501778505 0.00041056191501778505 0.06315058570230629
137 822 0.01048946674493343 0.06335958712010117 0.000386922886047634 0.000386922886047634 0.06335958712010117
138 828 0.009330217336686163 0.057654949501727316 0.0003694133202344223 0.0003694133202344223 0.057654949501727316
139 834 0.012374149982250483 0.05240653190848937 0.0003386297409875696 0.0003386297409875696 0.05240653190848937
140 840 0.01159875553542951 0.0604643627998955 0.00035292583266635484 0.00035292583266635484 0.0604643627998955
141 846 0.01323465752522813 0.05914171108562351 0.0003018423229387591 0.0003018423229387591 0.05914171108562351
142 852 0.015871272357526667 0.06313239164645033 0.0003042508556327413 0.0003042508556327413 0.06313239164645033
143 858 0.011451842092708723 0.0769071817986601 0.0002593035496556515 0.0002593035496556515 0.0769071817986601
144 864 0.010851115487518775 0.0713619706847754 0.00022206704794354304 0.00022206704794354304 0.0713619706847754
145 870 0.014274240542820827 0.06631935085614162 0.00021339060444778592 0.00021339060444778592 0.06631935085614162
146 876 0.012302853024735905 0.07642417106284585 0.0002230964945550445 0.0002230964945550445 0.07642417106284585
147 882 0.015280721334148947 0.07234868379677749 0.00018305824686426283 0.00018305824686426283 0.07234868379677749
148 888 0.01388963730186455 0.07548837039772248 0.00020845776912767594 0.00020845776912767594 0.07548837039772248
149 894 0.011544821642890477 0.07604474160828212 0.00017645501137700047 0.00017645501137700047 0.07604474160828212
150 900 0.00925250393643862 0.06851771898920685 0.00016464177807425375 0.00016464177807425375 0.06851771898920685
151 906 0.012814974926512575 0.06281223848636461 0.00014763489973388581 0.00014763489973388581 0.06281223848636461
152 912 0.01595402499659687 0.06133351786153296 0.00019791332877513673 0.00019791332877513673 0.06133351786153296
153 918 0.01458721645777793 0.05838431019533141 0.00021486334862509134 0.00021486334862509134 0.05838431019533141
154 924 0.011559358691052055 0.051781214183682006 0.00020435124456621282 0.00020435124456621282 0.051781214183682006
155 930 0.009783544067600888 0.04749866726633194 0.00018278196066645586 0.00018278196066645586 0.04749866726633194
156 936 0.008217120544568203 0.04748523408408476 0.000147473402169333 0.000147473402169333 0.04748523408408476
157 942 0.007393203470498813 0.04221083084462726 0.00013446942410055441 0.00013446942410055441 0.04221083084462726
158 948 0.007448338828295666 0.03901669697525973 0.00012353842558530205 0.00012353842558530205 0.03901669697525973
159 954 0.009595441337801564 0.03277244824581511 0.00013058947618236735 0.00013058947618236735 0.03277244824581511
160 960 0.008986879923826917 0.02940393314435541 0.0001616291968174327 0.0001616291968174327 0.02940393314435541
161 966 0.007899155167992066 0.029101014647702133 0.00014129466851832797 0.00014129466851832797 0.029101014647702133
162 972 0.010261774366737992 0.029313469105555556 0.0001129727808638613 0.0001129727808638613 0.029313469105555556
163 978 0.012100516109730043 0.03492262991280962 0.00010709533761923863 0.00010709533761923863 0.03492262991280962
164 984 0.011798733999983683 0.03219440311734433 0.00012438520158003817 0.00012438520158003817 0.03219440311734433
165 990 0.012139438435758609 0.03407818329224735 0.0001146406234347604 0.0001146406234347604 0.03407818329224735
166 996 0.011528027893061583 0.03889178055029047 9.94091086756967e-05 9.94091086756967e-05 0.03889178055029047
167 1002 0.015230603233520129 0.04050392325820193 9.803229471553908e-05 9.803229471553908e-05 0.04050392325820193
168 1008 0.017354850057611466 0.044949379186142994 0.00010494747089085712 0.00010494747089085712 0.044949379186142994
169 1014 0.013190811571671214 0.03931055207447321 0.00011225759307884747 0.00011225759307884747 0.03931055207447321
170 1020 0.012302953223410754 0.036758265032166296 0.00010254391170345745 0.00010254391170345745 0.036758265032166296
171 1026 0.012316369998356213 0.03636102119393974 9.581722647941131e-05 9.581722647941131e-05 0.03636102119393974
172 1032 0.010383768902150049 0.032122912116205646 0.00010379239388665917 0.00010379239388665917 0.032122912116205646
173 1038 0.007472543568171945 0.02848650881821187 9.570493312851093e-05 9.570493312851093e-05 0.02848650881821187
174 1044 0.008271841897345391 0.025049646132247295 8.165038845278293e-05 8.165038845278293e-05 0.025049646132247295
175 1050 0.008369913118230583 0.023607461135537022 0.0001011885899251493 0.0001011885899251493 0.023607461135537022
176 1056 0.0075074006481118255 0.021070812475653587 9.983012510075895e-05 9.983012510075895e-05 0.021070812475653587
177 1062 0.005926215499910124 0.018649771435307806 9.235112250178545e-05 9.235112250178545e-05 0.018649771435307806
178 1068 0.004693781008829668 0.01643698502844966 8.457603807518605e-05 8.457603807518605e-05 0.01643698502844966
179 1074 0.004390946313292699 0.013037611026625016 8.26335499621298e-05 8.26335499621298e-05 0.013037611026625016
180 1080 0.004313738005051956 0.012722941046439788 7.486577830093115e-05 7.486577830093115e-05 0.012722941046439788
181 1086 0.003656738857504174 0.013932410996558568 6.166314882920187e-05 6.166314882920187e-05 0.013932410996558568
182 1092 0.003915408587343009 0.012572816401278584 5.544297583809306e-05 5.544297583809306e-05 0.012572816401278584
183 1098 0.0037165874957364006 0.01109885573234419 5.9524115295707004e-05 5.9524115295707004e-05 0.01109885573234419
184 1104 0.0044526114754627364 0.010012600819445702 6.0950484759529526e-05 6.0950484759529526e-05 0.010012600819445702
185 1110 0.004437565701476779 0.010046724574757287 6.124201750847623e-05 6.124201750847623e-05 0.010046724574757287
186 1116 0.004080240773366139 0.010165478385182796 5.642988817044897e-05 5.642988817044897e-05 0.010165478385182796
187 1122 0.003687578118129269 0.009347261563701074 5.367123909224185e-05 5.367123909224185e-05 0.009347261563701074
188 1128 0.003292852895544181 0.008355560648152474 5.544862958857151e-05 5.544862958857151e-05 0.008355560648152474
189 1134 0.0033117574816573583 0.007307648892390835 6.010839246798625e-05 6.010839246798625e-05 0.007307648892390835
190 1140 0.0030370007967914347 0.007890111097068152 5.815409787023318e-05 5.815409787023318e-05 0.007890111097068152
191 1146 0.003491667739869678 0.007053384434081755 5.708438281434483e-05 5.708438281434483e-05 0.007053384434081755
192 1152 0.003936232432767705 0.007337370332854425 6.5357279766334e-05 6.5357279766334e-05 0.007337370332854425
193 1158 0.0036825387501127453 0.006932655407090179 6.660652638919466e-05 6.660652638919466e-05 0.006932655407090179
194 1164 0.003869928269855238 0.006485065495474713 5.809587851091787e-05 5.809587851091787e-05 0.006485065495474713
195 1170 0.003806921518183225 0.006163298914491205 6.198843466295234e-05 6.198843466295234e-05 0.006163298914491205
196 1176 0.004757655798846734 0.005851148631045003 6.0592183440696496e-05 6.0592183440696496e-05 0.005851148631045003
197 1182 0.0036976643223175314 0.006340793634773062 6.397949777524761e-05 6.397949777524761e-05 0.006340793634773062
198 1188 0.0037513192573845797 0.006636194258143376 5.1539864791525285e-05 5.1539864791525285e-05 0.006636194258143376
199 1194 0.002810463311409178 0.006406860523882339 4.818697178531126e-05 4.818697178531126e-05 0.006406860523882339
200 1200 0.0021962784058994927 0.005761022592350817 4.331802883027036e-05 4.331802883027036e-05 0.005761022592350817
201 1206 0.0018386465373574081 0.004895868153679981 4.083893589620983e-05 4.083893589620983e-05 0.004895868153679981
202 1212 0.0018658745734824011 0.004632003212207241 3.5401468621321004e-05 3.5401468621321004e-05 0.004632003212207241
203 1218 0.0021992540691190988 0.004908720274460234 3.084301664138997e-05 3.084301664138997e-05 0.004908720274460234
204 1224 0.0020438505924490545 0.004593202759990197 3.5987324563419814e-05 3.5987324563419814e-05 0.004593202759990197
205 1230 0.0019487792192330994 0.004166923113807021 3.387788526514463e-05 3.387788526514463e-05 0.004166923113807021
206 1236 0.002023810139644291 0.0037455070076158267 3.5184159207225996e-05 3.5184159207225996e-05 0.0037455070076158267
207 1242 0.0023414626670858626 0.003638720113083283 3.465671571451633e-05 3.465671571451633e-05 0.003638720113083283
208 1248 0.0024564815237144073 0.0035648565059332987 3.461018859190107e-05 3.461018859190107e-05 0.0035648565059332987
209 1254 0.001955713982518751 0.0029587774346430153 3.949413751190854e-05 3.949413751190854e-05 0.0029587774346430153
210 1260 0.0015996472587557244 0.0026221213944693034 3.65646140544699e-05 3.65646140544699e-05 0.0026221213944693034
211 1266 0.0015087320467116186 0.002095417939716742 3.737508841964682e-05 3.737508841964682e-05 0.002095417939716742
212 1272 0.0012496624931683708 0.002074122878492243 3.35885373136123e-05 3.35885373136123e-05 0.002074122878492243
213 1278 0.0012214395913947567 0.0019096054377711448 2.9637502489732296e-05 2.9637502489732296e-05 0.0019096054377711448
214 1284 0.0014583555671202567 0.0016870202674211206 3.0911977176671634e-05 3.0911977176671634e-05 0.0016870202674211206
215 1290 0.0022150444878626147 0.001556045381766056 3.5951650784971406e-05 3.5951650784971406e-05 0.001556045381766056
216 1296 0.001994293839016822 0.0014709246560413284 4.152075785123195e-05 4.152075785123195e-05 0.0014709246560413284
217 1302 0.002185343683871483 0.001448431468168293 3.394866491334821e-05 3.394866491334821e-05 0.001448431468168293
218 1308 0.0029963284249390843 0.0014230182958329574 4.0024838643139554e-05 4.0024838643139554e-05 0.0014230182958329574
219 1314 0.0024308105754656307 0.0013118785670425887 5.166831565369662e-05 5.166831565369662e-05 0.0013118785670425887
220 1320 0.0025646965247632845 0.0010853300171287425 4.814574327537072e-05 4.814574327537072e-05 0.0010853300171287425
221 1326 0.0022380401582929427 0.0010431628466915982 5.4001014799908234e-05 5.4001014799908234e-05 0.0010431628466915982
222 1332 0.0023232220165263686 0.0009928077333548203 4.8344709387204824e-05 4.8344709387204824e-05 0.0009928077333548203
223 1338 0.0025264459691157213 0.0010267456941556086 4.47492361280483e-05 4.47492361280483e-05 0.0010267456941556086
224 1344 0.002799580959459634 0.0011313599043057789 4.3706589499216624e-05 4.3706589499216624e-05 0.0011313599043057789
225 1350 0.0024636190705205085 0.0010519575362896744 4.5811335884210486e-05 4.5811335884210486e-05 0.0010519575362896744
226 1356 0.002850856009438087 0.0009737467825317814 4.663259195959111e-05 4.663259195959111e-05 0.0009737467825317814
227 1362 0.0030854455556569454 0.0010108373698825258 4.46417918526605e-05 4.46417918526605e-05 0.0010108373698825258
228 1368 0.004414482723715357 0.0010843127180408664 4.26662312470062e-05 4.26662312470062e-05 0.0010843127180408664
229 1374 0.0036493853268435026 0.0012385723248389618 4.569958440220113e-05 4.569958440220113e-05 0.0012385723248389618
230 1380 0.002911959964176791 0.0012395853401487983 3.77897788035073e-05 3.77897788035073e-05 0.0012395853401487983
231 1386 0.0026850286348287684 0.001114847682239996 3.2805136881626065e-05 3.2805136881626065e-05 0.001114847682239996
232 1392 0.003058181175050911 0.0011002655555695626 3.0196797541294505e-05 3.0196797541294505e-05 0.0011002655555695626
233 1398 0.0022123138453796934 0.0012385827692269575 3.065899301866794e-05 3.065899301866794e-05 0.0012385827692269575
234 1404 0.001637245466432909 0.0012061546910606797 2.4724834900610302e-05 2.4724834900610302e-05 0.0012061546910606797
235 1410 0.0013856263051818933 0.001149681907705147 1.9870472810338605e-05 1.9870472810338605e-05 0.001149681907705147
236 1416 0.001304159728065201 0.001139575467537101 1.6882949161757107e-05 1.6882949161757107e-05 0.001139575467537101
237 1422 0.0011192351201536192 0.001216063859152608 1.4651976631075001e-05 1.4651976631075001e-05 0.001216063859152608
238 1428 0.0009423411973952727 0.0010201825496290828 1.4124656915188816e-05 1.4124656915188816e-05 0.0010201825496290828
239 1434 0.000963836282333575 0.0010482959690093505 1.3992640644180188e-05 1.3992640644180188e-05 0.0010482959690093505
240 1440 0.0007453652099512187 0.0010800758225336504 1.3007653740293549e-05 1.3007653740293549e-05 0.0010800758225336504
241 1446 0.0005824331992015578 0.000937663295776739 1.2781990741660703e-05 1.2781990741660703e-05 0.000937663295776739
242 1452 0.0006076711354373919 0.0007562269586743988 1.2489167787381833e-05 1.2489167787381833e-05 0.0007562269586743988
243 1458 0.0006962324081212142 0.0006769914088480967 1.439302749740176e-05 1.439302749740176e-05 0.0006769914088480967
244 1464 0.000788355115477937 0.0006370190287379945 1.5373262158368263e-05 1.5373262158368263e-05 0.0006370190287379945
245 1470 0.001085739308199283 0.0006329239235943451 1.578229918310774e-05 1.578229918310774e-05 0.0006329239235943451
246 1476 0.0010569188423589615 0.0005482160067806983 2.0480361401824825e-05 2.0480361401824825e-05 0.0005482160067806983
247 1482 0.0008832070538173259 0.0005945516712107978 1.788365845961312e-05 1.788365845961312e-05 0.0005945516712107978
248 1488 0.0008565571035276002 0.0005543379245771096 1.595636276283018e-05 1.595636276283018e-05 0.0005543379245771096
249 1494 0.0010059753584829168 0.00048428335461066826 1.662594415156959e-05 1.662594415156959e-05 0.00048428335461066826
250 1500 0.0007561252965390535 0.0005827531507135385 1.5215331783622219e-05 1.5215331783622219e-05 0.0005827531507135385
251 1506 0.0008456334986959492 0.0005239808869227576 1.3828434793049575e-05 1.3828434793049575e-05 0.0005239808869227576
252 1512 0.000940121454138832 0.0005316019571674633 1.3704062532662016e-05 1.3704062532662016e-05 0.0005316019571674633
253 1518 0.0009756143143254142 0.0005200759773699105 1.3199153005496592e-05 1.3199153005496592e-05 0.0005200759773699105
254 1524 0.0007987474209154768 0.0005864960200598393 1.0996296042084148e-05 1.0996296042084148e-05 0.0005864960200598393
255 1530 0.0008077560094966454 0.0006076922108324363 9.012851594094771e-06 9.012851594094771e-06 0.0006076922108324363
256 1536 0.0006186337484108346 0.0005872406819681682 8.883023748456929e-06 8.883023748456929e-06 0.0005872406819681682
257 1542 0.000595439980415107 0.0005570616450361547 7.5225618297522145e-06 7.5225618297522145e-06 0.0005570616450361547
258 1548 0.000664250818633144 0.0005644528704808979 6.624930575095139e-06 6.624930575095139e-06 0.0005644528704808979
259 1554 0.0006004006607059815 0.0006270556314117605 6.278765481829054e-06 6.278765481829054e-06 0.0006270556314117605
260 1560 0.0006275054047834006 0.0005661193372785491 5.974723033946201e-06 5.974723033946201e-06 0.0005661193372785491
261 1566 0.0006455262797795079 0.0005967426409997165 5.550255389839121e-06 5.550255389839121e-06 0.0005967426409997165
262 1572 0.0005087184321851621 0.0005883593970696413 5.267822542393229e-06 5.267822542393229e-06 0.0005883593970696413
263 1578 0.0005713620152978587 0.0005168112317074573 4.803958081641376e-06 4.803958081641376e-06 0.0005168112317074573
264 1584 0.000475926973723959 0.0005614986990376276 5.016412025261844e-06 5.016412025261844e-06 0.0005614986990376276
265 1590 0.0004363057769696096 0.00047430016096560015 4.6387706433437496e-06 4.6387706433437496e-06 0.00047430016096560015
266 1596 0.00043123314290881537 0.0004799673979116081 4.090749141264444e-06 4.090749141264444e-06 0.0004799673979116081
267 1602 0.00048031514641931584 0.0004405766570761803 3.952082006060471e-06 3.952082006060471e-06 0.0004405766570761803
268 1608 0.0005274635277031416 0.0005041785607086502 3.5432235028980766e-06 3.5432235028980766e-06 0.0005041785607086502
269 1614 0.0005733750697293647 0.0005449766233196855 3.159115445234935e-06 3.159115445234935e-06 0.0005449766233196855
270 1620 0.0006100425954972449 0.0005569612079661713 2.930936412451749e-06 2.930936412451749e-06 0.0005569612079661713
271 1626 0.000531722522347822 0.0004868686949207212 3.1249948616517042e-06 3.1249948616517042e-06 0.0004868686949207212
272 1632 0.0007377795208476917 0.00043038679624321356 2.9772098383843687e-06 2.9772098383843687e-06 0.00043038679624321356
273 1638 0.0007458501340065648 0.00040705245704894625 3.9387565061294155e-06 3.9387565061294155e-06 0.00040705245704894625
274 1644 0.0007172365344657735 0.0003605747919653633 4.831346662533771e-06 4.831346662533771e-06 0.0003605747919653633
275 1650 0.0006000389133669678 0.00031746322476791644 5.134221232718445e-06 5.134221232718445e-06 0.00031746322476791644
276 1656 0.0005657996924274909 0.0002892078691742062 4.499529696891655e-06 4.499529696891655e-06 0.0002892078691742062
277 1662 0.0006223250590123043 0.0002770705299443292 4.476329962086204e-06 4.476329962086204e-06 0.0002770705299443292
278 1668 0.0004979644524004607 0.000349391864141626 3.477119941636141e-06 3.477119941636141e-06 0.000349391864141626
279 1674 0.0005348854879868055 0.0003271867344714027 3.137021968354118e-06 3.137021968354118e-06 0.0003271867344714027
280 1680 0.0005975299969542509 0.0003623943904642088 2.7630035736548037e-06 2.7630035736548037e-06 0.0003623943904642088
281 1686 0.0005628777597472565 0.0003592038104979502 2.6699355258074016e-06 2.6699355258074016e-06 0.0003592038104979502
282 1692 0.00040469348136830554 0.00035314304652888837 2.3575837074816466e-06 2.3575837074816466e-06 0.00035314304652888837
283 1698 0.0004530651221904986 0.000284308866459159 2.3288631531943105e-06 2.3288631531943105e-06 0.000284308866459159
284 1704 0.0005696928359675049 0.00028686599330461285 2.4560102326516484e-06 2.4560102326516484e-06 0.00028686599330461285
285 1710 0.0008348786411212425 0.00029362729832208717 2.4537182849646318e-06 2.4537182849646318e-06 0.00029362729832208717
286 1716 0.0007827643230263724 0.0003572630173641641 2.41265063508715e-06 2.41265063508715e-06 0.0003572630173641641
287 1722 0.0008474261179198666 0.00036062882831885203 1.938692093086957e-06 1.938692093086957e-06 0.00036062882831885203
288 1728 0.0006646327271182813 0.00038502774623085925 1.8164792502639505e-06 1.8164792502639505e-06 0.00038502774623085925
289 1734 0.0005112654348381202 0.00035903696830267656 1.570112022574333e-06 1.570112022574333e-06 0.00035903696830267656
290 1740 0.00037072598258960264 0.00034125386240749505 1.3109454685197712e-06 1.3109454685197712e-06 0.00034125386240749505
291 1746 0.00029883402963810744 0.0003110374632120858 1.14047496587281e-06 1.14047496587281e-06 0.0003110374632120858
292 1752 0.00030438941698764 0.0002481921614929706 1.114677720809077e-06 1.114677720809077e-06 0.0002481921614929706
293 1758 0.00033140739474561747 0.0002671634414051966 1.0373165183050886e-06 1.0373165183050886e-06 0.0002671634414051966
294 1764 0.0003432104101840506 0.0002775849789610285 9.434281984072418e-07 9.434281984072418e-07 0.0002775849789610285
295 1770 0.00032170283505523204 0.00027658496265508766 8.800790564657815e-07 8.800790564657815e-07 0.00027658496265508766
296 1776 0.00028794153207305147 0.00025043149725963507 9.479969338123539e-07 9.479969338123539e-07 0.00025043149725963507
297 1782 0.0002924155656843454 0.00024160964199219887 8.746804314735452e-07 8.746804314735452e-07 0.00024160964199219887
298 1788 0.00036918350737490547 0.0002327713057844521 9.473083770842907e-07 9.473083770842907e-07 0.0002327713057844521
299 1794 0.0004440758589336355 0.0002769217905085229 8.6079228006338e-07 8.6079228006338e-07 0.0002769217905085229
300 1800 0.0006238163358869581 0.00027369280981679464 9.959396238563356e-07 9.959396238563356e-07 0.00027369280981679464
301 1806 0.0005811680963604748 0.0002766413167953656 1.1129756343412322e-06 1.1129756343412322e-06 0.0002766413167953656
302 1812 0.0007516231762239551 0.0002690132993942977 9.095221246802196e-07 9.095221246802196e-07 0.0002690132993942977
303 1818 0.0009159928394125171 0.0003195993134689891 8.459885081875438e-07 8.459885081875438e-07 0.0003195993134689891
304 1824 0.0015232735246032028 0.00028974199372704617 9.889947055300532e-07 9.889947055300532e-07 0.00028974199372704617
305 1830 0.0013102896575414192 0.0003081461748717206 1.0151028425983563e-06 1.0151028425983563e-06 0.0003081461748717206
306 1836 0.00141077018752937 0.0003047836608740617 8.334583502012948e-07 8.334583502012948e-07 0.0003047836608740617
307 1842 0.0013473677253077055 0.0003429933825880736 7.470124289611451e-07 7.470124289611451e-07 0.0003429933825880736
308 1848 0.0016718523835518295 0.00031793767642479987 7.235362837796961e-07 7.235362837796961e-07 0.00031793767642479987
309 1854 0.0019096515815228761 0.0004101283349141237 6.517618785415987e-07 6.517618785415987e-07 0.0004101283349141237
310 1860 0.001588954818071815 0.0003836457176668659 7.086305366854252e-07 7.086305366854252e-07 0.0003836457176668659
311 1866 0.0015574663101936542 0.00035611579255707406 5.927093484723223e-07 5.927093484723223e-07 0.00035611579255707406
312 1872 0.001451671559167694 0.00038572315674542424 5.321383375626825e-07 5.321383375626825e-07 0.00038572315674542424
313 1878 0.001386309786543854 0.0003575170708750713 4.916408963524111e-07 4.916408963524111e-07 0.0003575170708750713
314 1884 0.001461044110050089 0.00037828284954139786 4.72752557568971e-07 4.72752557568971e-07 0.00037828284954139786
315 1890 0.001162736630330071 0.0004101294031895703 3.895152719763969e-07 3.895152719763969e-07 0.0004101294031895703
316 1896 0.001278120860453258 0.0003801987335210613 3.708293125529536e-07 3.708293125529536e-07 0.0003801987335210613
317 1902 0.0011169270817109737 0.0003639807569585849 3.850190351678967e-07 3.850190351678967e-07 0.0003639807569585849
318 1908 0.0008324341244099007 0.0003158392995039271 3.790959794863507e-07 3.790959794863507e-07 0.0003158392995039271
319 1914 0.0005825645412734326 0.00027858316785916705 3.738835422784622e-07 3.738835422784622e-07 0.00027858316785916705
320 1920 0.000672583716496632 0.0002300499628531922 3.415950901377048e-07 3.415950901377048e-07 0.0002300499628531922
321 1926 0.000779732411703349 0.00024562632948355674 3.491926966077407e-07 3.491926966077407e-07 0.00024562632948355674
322 1932 0.0007966014064540979 0.0002370557167588761 3.6706706320026946e-07 3.6706706320026946e-07 0.0002370557167588761
323 1938 0.0007460213515426037 0.00022596226475067282 3.760022830425371e-07 3.760022830425371e-07 0.00022596226475067282
324 1944 0.0006411202833528377 0.00020780792519544883 4.023998821979503e-07 4.023998821979503e-07 0.00020780792519544883
325 1950 0.0005712470398527564 0.00018041058143463762 3.824276218790707e-07 3.824276218790707e-07 0.00018041058143463762
326 1956 0.0006299276384996921 0.00018771547686275135 3.342400004646984e-07 3.342400004646984e-07 0.00018771547686275135
327 1962 0.00059811725858481 0.00019687722638049313 3.506971409022952e-07 3.506971409022952e-07 0.00019687722638049313
328 1968 0.000606207279779066 0.00017004761697359208 3.537650632244416e-07 3.537650632244416e-07 0.00017004761697359208
329 1974 0.0005475471619210226 0.0001773626985263385 3.1861226966691053e-07 3.1861226966691053e-07 0.0001773626985263385
330 1980 0.0005747145300302465 0.0001612562408612357 3.0641242722661495e-07 3.0641242722661495e-07 0.0001612562408612357
331 1986 0.0006867310497712906 0.00016089340365952056 3.106451987972921e-07 3.106451987972921e-07 0.00016089340365952056
332 1992 0.000811910124317738 0.0001422293383960589 3.560345421037826e-07 3.560345421037826e-07 0.0001422293383960589
333 1998 0.0011684527421889472 0.00011436436084833117 4.3467073324199713e-07 4.3467073324199713e-07 0.00011436436084833117
334 2004 0.0015784430154231022 0.00016576335814563224 4.0241729984369275e-07 4.0241729984369275e-07 0.00016576335814563224
335 2010 0.0013875669138499428 0.0001412128103084566 5.278896962123203e-07 5.278896962123203e-07 0.0001412128103084566
336 2016 0.001727708516685345 0.00013418880190350308 5.11139293771199e-07 5.11139293771199e-07 0.00013418880190350308
337 2022 0.0017442463025951142 0.00015899911248650636 4.828477154585826e-07 4.828477154585826e-07 0.00015899911248650636
338 2028 0.0017884289464848385 0.00015919740859987982 4.170106599486159e-07 4.170106599486159e-07 0.00015919740859987982
339 2034 0.0018875586271351183 0.00016407014372513967 3.595075587321208e-07 3.595075587321208e-07 0.00016407014372513967
340 2040 0.0020799791358566693 0.0001768202166241125 2.995847045862195e-07 2.995847045862195e-07 0.0001768202166241125
341 2046 0.0022077094410658674 0.0001887695940855928 3.09178043538302e-07 3.09178043538302e-07 0.0001887695940855928
342 2052 0.0019802064358520905 0.0001744125776892672 3.107464413330222e-07 3.107464413330222e-07 0.0001744125776892672
343 2058 0.0015897435569223162 0.0001703121377915659 2.649284630059373e-07 2.649284630059373e-07 0.0001703121377915659
344 2064 0.001790961305926994 0.00015633174222285808 2.4186744408289676e-07 2.4186744408289676e-07 0.00015633174222285808
345 2070 0.0017549675124381864 0.0001533526141508819 2.6624616682595306e-07 2.6624616682595306e-07 0.0001533526141508819
346 2076 0.0016329320860881261 0.00017921580986856214 2.3753790373613832e-07 2.3753790373613832e-07 0.00017921580986856214
347 2082 0.0016668652054378538 0.0001651961008370879 2.2686158571242931e-07 2.2686158571242931e-07 0.0001651961008370879
348 2088 0.0014966018704922752 0.00016251409131739627 2.1400047751059685e-07 2.1400047751059685e-07 0.00016251409131739627
349 2094 0.0012125669063430657 0.00016751020341696678 1.810026543656598e-07 1.810026543656598e-07 0.00016751020341696678
350 2100 0.001381577380840944 0.00013019869786408246 1.8900375665713118e-07 1.8900375665713118e-07 0.00013019869786408246
351 2106 0.0012606707264751298 0.0001264524052077452 2.1301166673468626e-07 2.1301166673468626e-07 0.0001264524052077452
352 2112 0.0015696993081867777 0.00011273479906586482 1.9131451803713857e-07 1.9131451803713857e-07 0.00011273479906586482
353 2118 0.0022292021128831217 0.00010476329956801762 2.391707655813472e-07 2.391707655813472e-07 0.00010476329956801762
354 2124 0.0025960300353738003 0.0001180799142891269 2.615725755703382e-07 2.615725755703382e-07 0.0001180799142891269
355 2130 0.0035374114260494673 0.00011742252057477082 2.514933986137466e-07 2.514933986137466e-07 0.00011742252057477082
356 2136 0.0036933966622752544 0.00016101098702999463 2.2925476360045029e-07 2.2925476360045029e-07 0.00016101098702999463
357 2142 0.0027607232179901286 0.00015169951771225334 2.0983105616258166e-07 2.0983105616258166e-07 0.00015169951771225334
358 2148 0.002347475616772696 0.00015686761171615396 1.6763393188226064e-07 1.6763393188226064e-07 0.00015686761171615396
359 2154 0.002142765261547178 0.00013586598979978284 1.6271028006092845e-07 1.6271028006092845e-07 0.00013586598979978284
360 2160 0.0019090078329034286 0.00012089240493264587 1.601535232088249e-07 1.601535232088249e-07 0.00012089240493264587
361 2166 0.0019461816802467142 0.0001072559556184271 1.556391608740045e-07 1.556391608740045e-07 0.0001072559556184271
362 2172 0.001896210085208061 0.00012670365827601053 1.288795269749116e-07 1.288795269749116e-07 0.00012670365827601053
363 2178 0.0016417289019895734 0.0001311249574239409 1.2367907984223525e-07 1.2367907984223525e-07 0.0001311249574239409
364 2184 0.0015606425552661268 0.00012966078460335248 1.0772341084622282e-07 1.0772341084622282e-07 0.00012966078460335248
365 2190 0.0017030168600711947 0.00011707919780358392 1.0568388281061828e-07 1.0568388281061828e-07 0.00011707919780358392
366 2196 0.0017120473067728475 0.00013700631127629956 9.270494613177482e-08 9.270494613177482e-08 0.00013700631127629956
367 2202 0.0019103634780289795 0.00016252850437223658 7.601383353759418e-08 7.601383353759418e-08 0.00016252850437223658
368 2208 0.0020618764459659814 0.00016984840786150022 6.749505586077807e-08 6.749505586077807e-08 0.00016984840786150022
369 2214 0.0029283940746914674 0.0001487630344776702 7.125400674362529e-08 7.125400674362529e-08 0.0001487630344776702
370 2220 0.0027434414094302485 0.0001352801186868386 9.16055929833251e-08 9.16055929833251e-08 0.0001352801186868386
371 2226 0.0027191745125647957 0.0001106801761390998 8.73929290027679e-08 8.73929290027679e-08 0.0001106801761390998
372 2232 0.0027434297592989036 0.0001246307043902832 7.078517944134463e-08 7.078517944134463e-08 0.0001246307043902832
373 2238 0.0024407469991016254 0.00010668287207642372 7.593987857105164e-08 7.593987857105164e-08 0.00010668287207642372
374 2244 0.001837171401692767 0.00010091019419496815 6.695729649633764e-08 6.695729649633764e-08 0.00010091019419496815
375 2250 0.0014798211219420334 9.087437467065238e-05 6.127274318766763e-08 6.127274318766763e-08 9.087437467065238e-05
376 2256 0.001246535823290255 7.545126144649264e-05 6.092087611733593e-08 6.092087611733593e-08 7.545126144649264e-05
377 2262 0.0014391727349532377 6.007101542250846e-05 6.073618487357218e-08 6.073618487357218e-08 6.007101542250846e-05
378 2268 0.0015543798197200896 6.803825792752451e-05 5.84218990155052e-08 5.84218990155052e-08 6.803825792752451e-05
379 2274 0.0017676260991985073 6.21464760370545e-05 7.260666577211522e-08 7.260666577211522e-08 6.21464760370545e-05
380 2280 0.0014344002759273426 5.85389482520813e-05 7.680036212541558e-08 7.680036212541558e-08 5.85389482520813e-05
381 2286 0.002120622621578955 5.207153138399411e-05 7.054838062128818e-08 7.054838062128818e-08 5.207153138399411e-05
382 2292 0.0025196850934207093 5.5864264219759034e-05 7.50741550073276e-08 7.50741550073276e-08 5.5864264219759034e-05
383 2298 0.002293103391178348 5.6725981009941334e-05 6.408520464944259e-08 6.408520464944259e-08 5.6725981009941334e-05
384 2304 0.002854814494908456 4.607728604317905e-05 6.699453062560668e-08 6.699453062560668e-08 4.607728604317905e-05
385 2310 0.0028015137705593974 4.926120404782342e-05 6.927435133151056e-08 6.927435133151056e-08 4.926120404782342e-05
386 2316 0.0029132299238636646 4.5057323359060915e-05 7.121986772855333e-08 7.121986772855333e-08 4.5057323359060915e-05
387 2322 0.0027642597624519378 3.987687071512796e-05 8.157729155248934e-08 8.157729155248934e-08 3.987687071512796e-05
388 2328 0.003527415642782551 4.049799336410674e-05 7.202895602634296e-08 7.202895602634296e-08 4.049799336410674e-05
389 2334 0.0031952581181973823 4.078848908794223e-05 8.341540165439573e-08 8.341540165439573e-08 4.078848908794223e-05
390 2340 0.002899040964390541 3.752960170920647e-05 7.800153406971494e-08 7.800153406971494e-08 3.752960170920647e-05
391 2346 0.002645180398604825 3.460000421668898e-05 7.508032610062743e-08 7.508032610062743e-08 3.460000421668898e-05
392 2352 0.003030604872895755 2.971324844819259e-05 7.21118060686087e-08 7.21118060686087e-08 2.971324844819259e-05
393 2358 0.003611059707487716 3.265245305520196e-05 7.170642141118173e-08 7.170642141118173e-08 3.265245305520196e-05
394 2364 0.0040497932909196 3.531743378975814e-05 6.676652747133246e-08 6.676652747133246e-08 3.531743378975814e-05
395 2370 0.003911482344058018 3.336711705364543e-05 6.568135773838308e-08 6.568135773838308e-08 3.336711705364543e-05
396 2376 0.004570401773512952 3.135808170288525e-05 6.088196467655209e-08 6.088196467655209e-08 3.135808170288525e-05
397 2382 0.004614409927258769 2.8359124747170815e-05 7.000683797911092e-08 7.000683797911092e-08 2.8359124747170815e-05
398 2388 0.0035408746720979167 2.5907067706178755e-05 6.968673831693127e-08 6.968673831693127e-08 2.5907067706178755e-05
399 2394 0.0034629037192457626 2.383657113683352e-05 5.897143297210811e-08 5.897143297210811e-08 2.383657113683352e-05
400 2400 0.0026613663796847676 2.4744496469501685e-05 5.180386249088388e-08 5.180386249088388e-08 2.4744496469501685e-05
401 2406 0.002445698670402832 2.0462971487194704e-05 5.8943903112707336e-08 5.8943903112707336e-08 2.0462971487194704e-05
402 2412 0.0026028116955427055 1.810242688862008e-05 5.912397213001363e-08 5.912397213001363e-08 1.810242688862008e-05
403 2418 0.0023340496635554787 1.6526238529181528e-05 6.521676452769761e-08 6.521676452769761e-08 1.6526238529181528e-05
404 2424 0.0026090227618814003 1.605050628025956e-05 6.068761581030582e-08 6.068761581030582e-08 1.605050628025956e-05
405 2430 0.002470471711904423 1.7587379274528592e-05 5.662122217980262e-08 5.662122217980262e-08 1.7587379274528592e-05
406 2436 0.0019137124077917937 1.583389372232281e-05 5.6514014199555506e-08 5.6514014199555506e-08 1.583389372232281e-05
407 2442 0.001778542005463404 1.5196740007140123e-05 4.526978847906909e-08 4.526978847906909e-08 1.5196740007140123e-05
408 2448 0.0015607667847635663 1.5254307871014156e-05 4.267211977181406e-08 4.267211977181406e-08 1.5254307871014156e-05
409 2454 0.0014291291260438933 1.3228825117720066e-05 4.189489804144403e-08 4.189489804144403e-08 1.3228825117720066e-05
410 2460 0.001302654342312393 1.3079104095387491e-05 3.747509568609287e-08 3.747509568609287e-08 1.3079104095387491e-05
411 2466 0.001055771793111683 1.320803045887271e-05 3.23035021655312e-08 3.23035021655312e-08 1.320803045887271e-05
412 2472 0.0008616324587899934 1.4462630342743217e-05 3.0068382888168385e-08 3.0068382888168385e-08 1.4462630342743217e-05
413 2478 0.000900273890245021 1.4151861458464449e-05 2.6695732441356205e-08 2.6695732441356205e-08 1.4151861458464449e-05
414 2484 0.0008286500717996138 1.4599936990965233e-05 2.4458510019871608e-08 2.4458510019871608e-08 1.4599936990965233e-05
415 2490 0.0010723932590418084 1.3034517904837798e-05 2.3840401595260896e-08 2.3840401595260896e-08 1.3034517904837798e-05
416 2496 0.0015096051715368264 1.0829426986722991e-05 3.1968961396057244e-08 3.1968961396057244e-08 1.0829426986722991e-05
417 2502 0.002168544156062364 1.0962065149869873e-05 3.541795675013509e-08 3.541795675013509e-08 1.0962065149869873e-05
418 2508 0.0020916951634310905 1.3124447007315633e-05 3.241492809172789e-08 3.241492809172789e-08 1.3124447007315633e-05
419 2514 0.0015771229610793568 1.2413328284895749e-05 3.6882061109725973e-08 3.6882061109725973e-08 1.2413328284895749e-05
420 2520 0.0013538850476367032 1.1616118284658325e-05 3.065103092845645e-08 3.065103092845645e-08 1.1616118284658325e-05
421 2526 0.0010650117366313126 1.1824319016170784e-05 2.5838477714151407e-08 2.5838477714151407e-08 1.1824319016170784e-05
422 2532 0.0011472899965041757 1.1575955011324388e-05 2.0773136804956907e-08 2.0773136804956907e-08 1.1575955011324388e-05
423 2538 0.0009153774854939791 1.0756675450530602e-05 2.2648636670619754e-08 2.2648636670619754e-08 1.0756675450530602e-05
424 2544 0.0006460328477089335 1.0374392472686402e-05 1.9618796726202665e-08 1.9618796726202665e-08 1.0374392472686402e-05
425 2550 0.000678182784903879 9.102068415510806e-06 1.7288190143673414e-08 1.7288190143673414e-08 9.102068415510806e-06
426 2556 0.000656147804483242 8.598875551934195e-06 1.8248578966553887e-08 1.8248578966553887e-08 8.598875551934195e-06
427 2562 0.0009980553014751448 7.630087008310172e-06 1.821000669308098e-08 1.821000669308098e-08 7.630087008310172e-06
428 2568 0.0008945635683884462 7.414578839366494e-06 1.980442789035391e-08 1.980442789035391e-08 7.414578839366494e-06
429 2574 0.0008839066395956113 7.13875178120181e-06 1.747658017119052e-08 1.747658017119052e-08 7.13875178120181e-06
430 2580 0.0010757838292130585 7.196816845294792e-06 1.5773705590286238e-08 1.5773705590286238e-08 7.196816845294792e-06
431 2586 0.0011741940437315905 8.949816311990116e-06 1.3883551827874403e-08 1.3883551827874403e-08 8.949816311990116e-06
432 2592 0.0013260283116026306 8.489146972765878e-06 1.5319792363103176e-08 1.5319792363103176e-08 8.489146972765878e-06
433 2598 0.0012791215735975477 6.8913437425247395e-06 1.748198857987431e-08 1.748198857987431e-08 6.8913437425247395e-06
434 2604 0.0013307793942728132 7.476748432182247e-06 1.4512584999112565e-08 1.4512584999112565e-08 7.476748432182247e-06
435 2610 0.0010045312826689088 6.950366929359039e-06 1.512092907896865e-08 1.512092907896865e-08 6.950366929359039e-06
436 2616 0.0008836995240767448 6.268541082860029e-06 1.3156855637723407e-08 1.3156855637723407e-08 6.268541082860029e-06
437 2622 0.000743315996925833 5.7452327187025376e-06 1.1958145171751016e-08 1.1958145171751016e-08 5.7452327187025376e-06
438 2628 0.0005904767989782223 5.098940105602891e-06 1.0826056525972988e-08 1.0826056525972988e-08 5.098940105602891e-06
439 2634 0.0006057976501584246 5.152553948340917e-06 8.378013179981696e-09 8.378013179981696e-09 5.152553948340917e-06
440 2640 0.0005782144987536158 5.722325747041178e-06 7.209521320025775e-09 7.209521320025775e-09 5.722325747041178e-06
441 2646 0.0005073546705428134 5.932965052138976e-06 6.530255911646969e-09 6.530255911646969e-09 5.932965052138976e-06
442 2652 0.0004898178074068141 5.6160801456691465e-06 6.011343436692662e-09 6.011343436692662e-09 5.6160801456691465e-06
443 2658 0.0005147466652974604 4.688729969506218e-06 6.283457527395816e-09 6.283457527395816e-09 4.688729969506218e-06
444 2664 0.0004295827451457044 3.754100435761915e-06 6.938814780741262e-09 6.938814780741262e-09 3.754100435761915e-06
445 2670 0.0003662251091874646 3.421633827595327e-06 6.395609256973642e-09 6.395609256973642e-09 3.421633827595327e-06
446 2676 0.0003183504981027582 3.355370192980158e-06 5.480405983352875e-09 5.480405983352875e-09 3.355370192980158e-06
447 2682 0.00034432215237791697 3.2760387523866934e-06 4.759305383495517e-09 4.759305383495517e-09 3.2760387523866934e-06
448 2688 0.0003805386128197589 3.845131650161388e-06 4.35731421115951e-09 4.35731421115951e-09 3.845131650161388e-06
449 2694 0.0003381599217745968 3.579363087513916e-06 4.377828028254668e-09 4.377828028254668e-09 3.579363087513916e-06
450 2700 0.0002908594317415246 3.2358740600691566e-06 4.085637138218053e-09 4.085637138218053e-09 3.2358740600691566e-06
451 2706 0.0003094494299785846 3.314092792221305e-06 3.418804359680848e-09 3.418804359680848e-09 3.314092792221305e-06
452 2712 0.0003786921387490935 3.2382101902816385e-06 3.4912709739803907e-09 3.4912709739803907e-09 3.2382101902816385e-06
453 2718 0.00045269521922015876 3.6281211799457317e-06 3.825502193067057e-09 3.825502193067057e-09 3.6281211799457317e-06
454 2724 0.00038572468379018143 4.487748580030391e-06 3.5559683001390325e-09 3.5559683001390325e-09 4.487748580030391e-06
455 2730 0.0003972983356218278 4.088825935057974e-06 3.1207034577695107e-09 3.1207034577695107e-09 4.088825935057974e-06
456 2736 0.00035202755113739547 4.096203206781637e-06 3.21738381254304e-09 3.21738381254304e-09 4.096203206781637e-06
457 2742 0.0003544524161816823 4.029396037992795e-06 2.7230157405744956e-09 2.7230157405744956e-09 4.029396037992795e-06
458 2748 0.00047426097434613015 3.363376379132562e-06 2.995086722141436e-09 2.995086722141436e-09 3.363376379132562e-06
459 2754 0.0006257748620717659 4.625962600157889e-06 2.798254466308393e-09 2.798254466308393e-09 4.625962600157889e-06
460 2760 0.0007316518330008911 5.5216529866936085e-06 2.4485617504971387e-09 2.4485617504971387e-09 5.5216529866936085e-06
461 2766 0.0006124955134298738 5.582122449454211e-06 2.331226606477788e-09 2.331226606477788e-09 5.582122449454211e-06
462 2772 0.0005317390808662903 4.9049933928554146e-06 2.1528757957057415e-09 2.1528757957057415e-09 4.9049933928554146e-06
463 2778 0.0005675312997980662 4.55871479903019e-06 1.9673231086181416e-09 1.9673231086181416e-09 4.55871479903019e-06
464 2784 0.0004617718666019028 4.5486429409385314e-06 1.9271799796681267e-09 1.9271799796681267e-09 4.5486429409385314e-06
465 2790 0.00037598510325325486 4.5269216932157525e-06 1.7478501488414092e-09 1.7478501488414092e-09 4.5269216932157525e-06
466 2796 0.0003189302954511188 4.161919948663959e-06 1.7276160861208358e-09 1.7276160861208358e-09 4.161919948663959e-06
467 2802 0.00031236175290415866 3.832670980386065e-06 1.5163591846265378e-09 1.5163591846265378e-09 3.832670980386065e-06
468 2808 0.0002942326692917799 3.954254458736842e-06 1.319113627381689e-09 1.319113627381689e-09 3.954254458736842e-06
469 2814 0.0003567519534715252 3.43640494625939e-06 1.4092829104292698e-09 1.4092829104292698e-09 3.43640494625939e-06
470 2820 0.00030228733768529177 3.0230260126655612e-06 1.8614076877801555e-09 1.8614076877801555e-09 3.0230260126655612e-06
471 2826 0.0003066143913870365 2.846200882818594e-06 1.6044998887560534e-09 1.6044998887560534e-09 2.846200882818594e-06
472 2832 0.000366846949847485 2.545364566573695e-06 1.6308781174629717e-09 1.6308781174629717e-09 2.545364566573695e-06
473 2838 0.0005831941950861609 2.046358895799347e-06 2.01950084378696e-09 2.01950084378696e-09 2.046358895799347e-06
474 2844 0.000674128885213348 2.343880778030924e-06 1.883790685247146e-09 1.883790685247146e-09 2.343880778030924e-06
475 2850 0.0005152279368316352 2.243258362704277e-06 1.932360392326205e-09 1.932360392326205e-09 2.243258362704277e-06
476 2856 0.0003809633550212211 1.997886023093525e-06 1.8467263198125907e-09 1.8467263198125907e-09 1.997886023093525e-06
477 2862 0.00035216301076704704 1.918103977473976e-06 1.5235177558663056e-09 1.5235177558663056e-09 1.918103977473976e-06
478 2868 0.00036532870340810086 1.774043858510165e-06 1.4006021417748898e-09 1.4006021417748898e-09 1.774043858510165e-06
479 2874 0.0002847409135829019 1.7818707959225433e-06 1.4855714217190622e-09 1.4855714217190622e-09 1.7818707959225433e-06
480 2880 0.0002533286163312334 1.7108084411987425e-06 1.2430031990394513e-09 1.2430031990394513e-09 1.7108084411987425e-06
481 2886 0.0003332231648729691 1.6737505799109672e-06 1.054989178630621e-09 1.054989178630621e-09 1.6737505799109672e-06
482 2892 0.0002954702411086357 1.92134926942075e-06 1.1298090438811744e-09 1.1298090438811744e-09 1.92134926942075e-06
483 2898 0.000297706704733662 1.921478387735387e-06 9.93551568123163e-10 9.93551568123163e-10 1.921478387735387e-06
484 2904 0.0003110497452786878 2.01419391964896e-06 9.028076322796914e-10 9.028076322796914e-10 2.01419391964896e-06
485 2910 0.00024454322107399565 2.3190410579427865e-06 7.183398233010643e-10 7.183398233010643e-10 2.3190410579427865e-06
486 2916 0.0002002175874489509 2.2811202615361644e-06 5.86657077543925e-10 5.86657077543925e-10 2.2811202615361644e-06
487 2922 0.00024429132134075657 1.985691280715472e-06 5.401994337092689e-10 5.401994337092689e-10 1.985691280715472e-06
488 2928 0.0002852923629372131 2.0738862562678003e-06 5.599571048289524e-10 5.599571048289524e-10 2.0738862562678003e-06
489 2934 0.00021104225793220187 2.4030118456626315e-06 5.102883568401391e-10 5.102883568401391e-10 2.4030118456626315e-06
490 2940 0.00020007187042599941 2.0791242890160572e-06 4.522582390788084e-10 4.522582390788084e-10 2.0791242890160572e-06
491 2946 0.00022549183628669828 1.8308488021345517e-06 4.682926091677964e-10 4.682926091677964e-10 1.8308488021345517e-06
492 2952 0.0003885200881420203 1.8853164673295067e-06 4.702376919735192e-10 4.702376919735192e-10 1.8853164673295067e-06
493 2958 0.00041709930083048963 1.9980416162891656e-06 4.916753796612448e-10 4.916753796612448e-10 1.9980416162891656e-06
494 2964 0.00038194612116874087 1.8943921922323552e-06 4.274344605455943e-10 4.274344605455943e-10 1.8943921922323552e-06
495 2970 0.0007752659459643215 1.6820326569471097e-06 3.950718373702352e-10 3.950718373702352e-10 1.6820326569471097e-06
496 2976 0.000973108951932079 1.7792101794030753e-06 4.413842151482342e-10 4.413842151482342e-10 1.7792101794030753e-06
497 2982 0.0009993779739265161 1.7690456421883713e-06 3.739296084916448e-10 3.739296084916448e-10 1.7690456421883713e-06
498 2988 0.0011455526370626197 1.775876366955363e-06 4.2290624887756713e-10 4.2290624887756713e-10 1.775876366955363e-06
499 2994 0.0012201316576479126 1.6868527314667137e-06 5.12888246338943e-10 5.12888246338943e-10 1.6868527314667137e-06
500 3000 0.0009758064671699123 1.6088698847374108e-06 4.928150204202583e-10 4.928150204202583e-10 1.6088698847374108e-06
501 3006 0.0013658319221460794 1.4785435141574564e-06 4.496378600919275e-10 4.496378600919275e-10 1.4785435141574564e-06
502 3012 0.0017270998647939179 1.978328177581506e-06 4.29750219427811e-10 4.29750219427811e-10 1.978328177581506e-06
503 3018 0.0022155567405318277 2.273864470638302e-06 4.4898608863476975e-10 4.4898608863476975e-10 2.273864470638302e-06
504 3024 0.001836384226703191 2.3803127841434303e-06 4.494382638682091e-10 4.494382638682091e-10 2.3803127841434303e-06
505 3030 0.0027370497032762017 2.2933609457711808e-06 3.946603862932015e-10 3.946603862932015e-10 2.2933609457711808e-06
506 3036 0.002551750575050182 2.4305218470990343e-06 4.033717049272512e-10 4.033717049272512e-10 2.4305218470990343e-06
507 3042 0.0025366114891235293 1.9884817251947267e-06 3.989763009112783e-10 3.989763009112783e-10 1.9884817251947267e-06
508 3048 0.0021014938529176335 1.9241708620454544e-06 3.71375596561157e-10 3.71375596561157e-10 1.9241708620454544e-06
509 3054 0.0024554120869556607 1.6612830526983175e-06 3.397260044668294e-10 3.397260044668294e-10 1.6612830526983175e-06
510 3060 0.0019366506231036033 1.68264574918903e-06 3.530465050159003e-10 3.530465050159003e-10 1.68264574918903e-06
511 3066 0.002056879454328354 1.5741278585438703e-06 2.8554434320348396e-10 2.8554434320348396e-10 1.5741278585438703e-06
512 3072 0.001849152409141194 1.4717622718218207e-06 2.9116092264598924e-10 2.9116092264598924e-10 1.4717622718218207e-06
513 3078 0.0014342898307346565 1.444721167838993e-06 2.5171080984713913e-10 2.5171080984713913e-10 1.444721167838993e-06
514 3084 0.001474839430995629 1.3915204141213484e-06 2.3469312663944877e-10 2.3469312663944877e-10 1.3915204141213484e-06
515 3090 0.0012424001636173545 1.3193738222803572e-06 2.408832560542577e-10 2.408832560542577e-10 1.3193738222803572e-06
516 3096 0.001055524681638841 1.0471770829069434e-06 2.385326917228654e-10 2.385326917228654e-10 1.0471770829069434e-06
517 3102 0.0008541383815203697 9.282734733813639e-07 2.188305796370599e-10 2.188305796370599e-10 9.282734733813639e-07
518 3108 0.0007680779506392768 8.576494106856408e-07 1.9098955976645533e-10 1.9098955976645533e-10 8.576494106856408e-07
519 3114 0.0007459210956235823 8.472006125776535e-07 1.6809063885231016e-10 1.6809063885231016e-10 8.472006125776535e-07
520 3120 0.000668651625357781 7.78588849805533e-07 1.6059749214124757e-10 1.6059749214124757e-10 7.78588849805533e-07
521 3126 0.0008530798737813764 6.779712955782079e-07 1.6193105793568648e-10 1.6193105793568648e-10 6.779712955782079e-07
522 3132 0.0008333085105384799 8.680240945937141e-07 1.382758199639816e-10 1.382758199639816e-10 8.680240945937141e-07
523 3138 0.0008497729817641375 7.607520082991936e-07 1.3374432763171775e-10 1.3374432763171775e-10 7.607520082991936e-07
524 3144 0.0009027433705064084 7.856575447197013e-07 1.2588823820931247e-10 1.2588823820931247e-10 7.856575447197013e-07
525 3150 0.0009160978388908497 8.118936649403418e-07 1.2152356199300687e-10 1.2152356199300687e-10 8.118936649403418e-07
526 3156 0.0008067538739878055 7.238719990395832e-07 1.3003198655952444e-10 1.3003198655952444e-10 7.238719990395832e-07
527 3162 0.0006773552102605003 6.773774473486293e-07 1.2105789853281338e-10 1.2105789853281338e-10 6.773774473486293e-07
528 3168 0.000561976057729255 6.942516239946237e-07 9.608228087996725e-11 9.608228087996725e-11 6.942516239946237e-07
529 3174 0.0005865946897074657 5.907267265589007e-07 8.953320174577405e-11 8.953320174577405e-11 5.907267265589007e-07
530 3180 0.0004989336368932298 6.447230670471704e-07 7.372857541132679e-11 7.372857541132679e-11 6.447230670471704e-07
531 3186 0.00043155614433420094 5.55144980941618e-07 7.455060476966538e-11 7.455060476966538e-11 5.55144980941618e-07
532 3192 0.0003810636973018631 5.334354182040538e-07 6.319211565818369e-11 6.319211565818369e-11 5.334354182040538e-07
533 3198 0.0004131283884412211 4.4891835167446907e-07 6.309683751130791e-11 6.309683751130791e-11 4.4891835167446907e-07
534 3204 0.0005466247556492393 4.910890266374425e-07 5.848444227767786e-11 5.848444227767786e-11 4.910890266374425e-07
535 3210 0.00045349322136457415 6.178356819805826e-07 5.729120046049505e-11 5.729120046049505e-11 6.178356819805826e-07
536 3216 0.0004100937013080124 5.454567903882982e-07 5.1301923245935425e-11 5.1301923245935425e-11 5.454567903882982e-07
537 3222 0.0006630085930411358 5.17835948724607e-07 4.763620383070451e-11 4.763620383070451e-11 5.17835948724607e-07
538 3228 0.0006648350906302188 5.293554351597031e-07 5.141130755476254e-11 5.141130755476254e-11 5.293554351597031e-07
539 3234 0.0007902480810422761 4.120885660887282e-07 4.9766113495901807e-11 4.9766113495901807e-11 4.120885660887282e-07
540 3240 0.0008173173791373054 4.254384698374191e-07 4.469738030667756e-11 4.469738030667756e-11 4.254384698374191e-07
541 3246 0.0007645833872160584 4.115122783902973e-07 4.4005543890309135e-11 4.4005543890309135e-11 4.115122783902973e-07
542 3252 0.0005478507734370159 4.087093731712083e-07 4.0543405218027145e-11 4.0543405218027145e-11 4.087093731712083e-07
543 3258 0.0005331474314504716 3.407207586288851e-07 3.7548210603938624e-11 3.7548210603938624e-11 3.407207586288851e-07
544 3264 0.000637985253367083 2.9783220803588733e-07 4.028271503908968e-11 4.028271503908968e-11 2.9783220803588733e-07
545 3270 0.0006354921443323674 3.727031591424057e-07 3.4531092776097796e-11 3.4531092776097796e-11 3.727031591424057e-07
546 3276 0.0005487243343836104 3.2933328476920973e-07 3.4027816456916395e-11 3.4027816456916395e-11 3.2933328476920973e-07
547 3282 0.0005875003423336233 3.0573553632017553e-07 2.977282862703205e-11 2.977282862703205e-11 3.0573553632017553e-07
548 3288 0.0006340509446938834 2.937699404558215e-07 2.99790902103146e-11 2.99790902103146e-11 2.937699404558215e-07
549 3294 0.0007420876969544756 3.324246447657156e-07 2.5801799005877482e-11 2.5801799005877482e-11 3.324246447657156e-07
550 3300 0.0005923634226893825 3.6693117542858834e-07 2.4787894310158604e-11 2.4787894310158604e-11 3.6693117542858834e-07
551 3306 0.0005755054919160679 3.5625518540506486e-07 2.03681096214412e-11 2.03681096214412e-11 3.5625518540506486e-07
552 3312 0.0008379099026269369 3.4562867059005125e-07 1.9389353802018203e-11 1.9389353802018203e-11 3.4562867059005125e-07
553 3318 0.001002332642273868 4.214249429575771e-07 2.0700079311012777e-11 2.0700079311012777e-11 4.214249429575771e-07
554 3324 0.0010742084691738238 4.921837100344454e-07 1.8104701411382965e-11 1.8104701411382965e-11 4.921837100344454e-07
555 3330 0.0011149789254574333 5.032905894162205e-07 1.7088288739946604e-11 1.7088288739946604e-11 5.032905894162205e-07
556 3336 0.0011588061277564032 4.814933093714456e-07 1.6210786479539616e-11 1.6210786479539616e-11 4.814933093714456e-07
557 3342 0.0011545693293153162 4.96845187407273e-07 1.4326452815335423e-11 1.4326452815335423e-11 4.96845187407273e-07
558 3348 0.001091286397772976 4.876269291240163e-07 1.517193125466449e-11 1.517193125466449e-11 4.876269291240163e-07
559 3354 0.0008228849252024564 4.831074335739499e-07 1.3427122148372127e-11 1.3427122148372127e-11 4.831074335739499e-07
560 3360 0.0006437593110561459 3.9581094905496746e-07 1.3739551178592616e-11 1.3739551178592616e-11 3.9581094905496746e-07
561 3366 0.0005404493884746858 3.2615199748228567e-07 1.3142220582634618e-11 1.3142220582634618e-11 3.2615199748228567e-07
562 3372 0.0005436576128837329 3.098116172482384e-07 1.1201386080447666e-11 1.1201386080447666e-11 3.098116172482384e-07
563 3378 0.0005612659785806301 2.6047439721014513e-07 1.2334959410615484e-11 1.2334959410615484e-11 2.6047439721014513e-07
564 3384 0.0004346979658250896 2.180953921326424e-07 1.3873356070432883e-11 1.3873356070432883e-11 2.180953921326424e-07
565 3390 0.0003666517781714993 2.078611709950596e-07 1.1783768734169605e-11 1.1783768734169605e-11 2.078611709950596e-07
566 3396 0.00037541540371430193 1.8084517394728324e-07 1.187601987288098e-11 1.187601987288098e-11 1.8084517394728324e-07
567 3402 0.00034326213140939264 1.9729759409540903e-07 1.0336615869442991e-11 1.0336615869442991e-11 1.9729759409540903e-07
568 3408 0.00039147069716857443 1.651082097734768e-07 1.0085234042232255e-11 1.0085234042232255e-11 1.651082097734768e-07
569 3414 0.00045597826197544736 1.9493139869543152e-07 8.796278816036312e-12 8.796278816036312e-12 1.9493139869543152e-07
570 3420 0.0004041077782041916 1.8853762760840438e-07 9.308047801360958e-12 9.308047801360958e-12 1.8853762760840438e-07
571 3426 0.00032186986408394103 1.7805033638962042e-07 9.737816777860921e-12 9.737816777860921e-12 1.7805033638962042e-07
572 3432 0.0005143337699515605 1.5902528692958921e-07 8.764429707287197e-12 8.764429707287197e-12 1.5902528692958921e-07
573 3438 0.0006148243894644694 1.9398807953241246e-07 7.97078318003885e-12 7.97078318003885e-12 1.9398807953241246e-07
574 3444 0.0008246679549023784 1.8635448583441238e-07 7.522264985068255e-12 7.522264985068255e-12 1.8635448583441238e-07
575 3450 0.0006660091522744742 2.227467366368127e-07 6.480198930877718e-12 6.480198930877718e-12 2.227467366368127e-07
576 3456 0.0006047776446546086 2.0744411618264911e-07 5.424269876725252e-12 5.424269876725252e-12 2.0744411618264911e-07
577 3462 0.0004661630549423889 2.0195636972488442e-07 4.97455150742252e-12 4.97455150742252e-12 2.0195636972488442e-07
578 3468 0.0006785455501933072 1.8002910918728169e-07 4.484728855387969e-12 4.484728855387969e-12 1.8002910918728169e-07
579 3474 0.0005021093295793347 1.6000496528656585e-07 6.48267410281797e-12 6.48267410281797e-12 1.6000496528656585e-07
580 3480 0.000527870490503081 1.413505383129739e-07 6.192145217571766e-12 6.192145217571766e-12 1.413505383129739e-07
581 3486 0.0005877929660056675 1.3714978268445832e-07 6.1340807176894715e-12 6.1340807176894715e-12 1.3714978268445832e-07
582 3492 0.0005225410862730068 1.5917993649213118e-07 5.140459882434719e-12 5.140459882434719e-12 1.5917993649213118e-07
583 3498 0.0005599265888995687 1.3785510920738875e-07 4.716391827471699e-12 4.716391827471699e-12 1.3785510920738875e-07
584 3504 0.0007884625841580501 1.1587962366803315e-07 5.471152246912681e-12 5.471152246912681e-12 1.1587962366803315e-07
585 3510 0.0011051873238234256 1.5347830107876303e-07 5.142616480031186e-12 5.142616480031186e-12 1.5347830107876303e-07
586 3516 0.0009730586202092386 2.208048111390695e-07 4.5827873745930475e-12 4.5827873745930475e-12 2.208048111390695e-07
587 3522 0.0009182510139596579 2.0437298149361772e-07 4.339616672498582e-12 4.339616672498582e-12 2.0437298149361772e-07
588 3528 0.0008184613161678651 2.113916450100372e-07 3.926313230888121e-12 3.926313230888121e-12 2.113916450100372e-07
589 3534 0.0007682819476537342 2.1774130724489763e-07 3.1831905660321164e-12 3.1831905660321164e-12 2.1774130724489763e-07
590 3540 0.0008614067534462326 2.3506113975964076e-07 2.7395071124750827e-12 2.7395071124750827e-12 2.3506113975964076e-07
591 3546 0.0007299594453760856 2.7250589554969186e-07 2.3535779595420673e-12 2.3535779595420673e-12 2.7250589554969186e-07
592 3552 0.0010727085408374054 2.3393133258858236e-07 2.1496053683013564e-12 2.1496053683013564e-12 2.3393133258858236e-07
593 3558 0.0009571210460300596 3.432063314211867e-07 2.170469646519058e-12 2.170469646519058e-12 3.432063314211867e-07
594 3564 0.0009401693271487959 3.3706808437798265e-07 1.8278660088526074e-12 1.8278660088526074e-12 3.3706808437798265e-07
595 3570 0.0009424615095958634 3.1636494682773283e-07 1.8846459619695944e-12 1.8846459619695944e-12 3.1636494682773283e-07
596 3576 0.0007419541737016804 2.7743964325048205e-07 1.8785987710457182e-12 1.8785987710457182e-12 2.7743964325048205e-07
597 3582 0.0006527810527680009 2.464425906155441e-07 1.660127354809598e-12 1.660127354809598e-12 2.464425906155441e-07
598 3588 0.0006523845616852906 2.3606270591822022e-07 1.4208084438735504e-12 1.4208084438735504e-12 2.3606270591822022e-07
599 3594 0.0006464420129748017 2.0735720179491404e-07 1.3878054258782462e-12 1.3878054258782462e-12 2.0735720179491404e-07
600 3600 0.0007181929913058102 2.309251298257856e-07 1.2550177927339e-12 1.2550177927339e-12 2.309251298257856e-07
601 3606 0.0006895054126721025 2.565168614615609e-07 1.1023378414206613e-12 1.1023378414206613e-12 2.565168614615609e-07
602 3612 0.0010560136662966049 2.598095450020434e-07 1.0020124889477599e-12 1.0020124889477599e-12 2.598095450020434e-07
603 3618 0.0010816077512481675 2.7689374717540064e-07 1.0454278801186616e-12 1.0454278801186616e-12 2.7689374717540064e-07
604 3624 0.000938929497173268 2.697765050155668e-07 9.739499049014222e-13 9.739499049014222e-13 2.697765050155668e-07
605 3630 0.000869904878231682 2.814568294244815e-07 8.436068061407199e-13 8.436068061407199e-13 2.814568294244815e-07
605 3630 0.000869904878231682 2.814568294244815e-07 8.436068061407199e-13 8.436068061407199e-13 2.814568294244815e-07
