% # columns="iteration, evaluation, min 25%tile 75%tile max correlation, correlation matrix principal axes lengths  (sorted square roots of eigenvalues of correlation matrix)", seed=448579, Wed May 20 15:09:51 2026
1 6 0.09003653558300892 0.09003653558300892 0.09003653558300892 0.09003653558300892 0.9539200513758955 1.0440481481153103
2 12 0.09003653558300892 0.09003653558300892 0.09003653558300892 0.09003653558300892 0.9539200513758955 1.0440481481153103
3 18 0.18908429155812037 0.18908429155812037 0.18908429155812037 0.18908429155812037 0.9005085832138858 1.0904514164134598
4 24 0.18908429155812037 0.18908429155812037 0.18908429155812037 0.18908429155812037 0.9005085832138858 1.0904514164134598
5 30 0.2429854268109629 0.2429854268109629 0.2429854268109629 0.2429854268109629 0.8700658441687258 1.1148925629005528
6 36 0.2429854268109629 0.2429854268109629 0.2429854268109629 0.2429854268109629 0.8700658441687258 1.1148925629005528
7 42 -0.06973712265784161 -0.06973712265784161 -0.06973712265784161 -0.06973712265784161 0.9645013620219303 1.034280968914077
8 48 -0.06973712265784161 -0.06973712265784161 -0.06973712265784161 -0.06973712265784161 0.9645013620219303 1.034280968914077
9 54 -0.5623474680329432 -0.5623474680329432 -0.5623474680329432 -0.5623474680329432 0.6615531210470228 1.2499389857240806
10 60 -0.5623474680329432 -0.5623474680329432 -0.5623474680329432 -0.5623474680329432 0.6615531210470228 1.2499389857240806
11 66 -0.49194232510214864 -0.49194232510214864 -0.49194232510214864 -0.49194232510214864 0.7127816460164019 1.2214509098208362
12 72 -0.49194232510214864 -0.49194232510214864 -0.49194232510214864 -0.49194232510214864 0.7127816460164019 1.2214509098208362
13 78 -0.28189927821036137 -0.28189927821036137 -0.28189927821036137 -0.28189927821036137 0.8474082379760292 1.1322099090762108
14 84 -0.28189927821036137 -0.28189927821036137 -0.28189927821036137 -0.28189927821036137 0.8474082379760292 1.1322099090762108
15 90 -0.18010221095423415 -0.18010221095423415 -0.18010221095423415 -0.18010221095423415 0.9054820754966749 1.0863250945063518
16 96 -0.18010221095423415 -0.18010221095423415 -0.18010221095423415 -0.18010221095423415 0.9054820754966749 1.0863250945063518
17 102 -0.5595602695688845 -0.5595602695688845 -0.5595602695688845 -0.5595602695688845 0.663656334582226 1.2488235542176822
18 108 -0.5595602695688845 -0.5595602695688845 -0.5595602695688845 -0.5595602695688845 0.663656334582226 1.2488235542176822
19 114 -0.7984356662390123 -0.7984356662390123 -0.7984356662390123 -0.7984356662390123 0.44895916714216666 1.3410576670072814
20 120 -0.7984356662390123 -0.7984356662390123 -0.7984356662390123 -0.7984356662390123 0.44895916714216666 1.3410576670072814
21 126 -0.9692525698346371 -0.9692525698346371 -0.9692525698346371 -0.9692525698346371 0.17534945156846868 1.4033005985299931
22 132 -0.9692525698346371 -0.9692525698346371 -0.9692525698346371 -0.9692525698346371 0.17534945156846868 1.4033005985299931
23 138 -0.9703254987055784 -0.9703254987055784 -0.9703254987055784 -0.9703254987055784 0.17226288426246011 1.4036828340852425
24 144 -0.9703254987055784 -0.9703254987055784 -0.9703254987055784 -0.9703254987055784 0.17226288426246011 1.4036828340852425
25 150 -0.9577669382512977 -0.9577669382512977 -0.9577669382512977 -0.9577669382512977 0.20550684112384787 1.3992022506597457
26 156 -0.9577669382512977 -0.9577669382512977 -0.9577669382512977 -0.9577669382512977 0.20550684112384787 1.3992022506597457
27 162 -0.9721584657399591 -0.9721584657399591 -0.9721584657399591 -0.9721584657399591 0.1668578264872248 1.4043355958388148
28 168 -0.9721584657399591 -0.9721584657399591 -0.9721584657399591 -0.9721584657399591 0.1668578264872248 1.4043355958388148
29 174 -0.9711586544734233 -0.9711586544734233 -0.9711586544734233 -0.9711586544734233 0.16982739922220025 1.4039795776553956
30 180 -0.9711586544734233 -0.9711586544734233 -0.9711586544734233 -0.9711586544734233 0.16982739922220025 1.4039795776553956
31 186 -0.9544382560920476 -0.9544382560920476 -0.9544382560920476 -0.9544382560920476 0.21345197096291288 1.3980122517675042
32 192 -0.9544382560920476 -0.9544382560920476 -0.9544382560920476 -0.9544382560920476 0.21345197096291288 1.3980122517675042
33 198 -0.9773106021535847 -0.9773106021535847 -0.9773106021535847 -0.9773106021535847 0.15063000314152333 1.4061687673083856
34 204 -0.9773106021535847 -0.9773106021535847 -0.9773106021535847 -0.9773106021535847 0.15063000314152333 1.4061687673083856
35 210 -0.9599990079611364 -0.9599990079611364 -0.9599990079611364 -0.9599990079611364 0.20000248008178195 1.399999645700361
36 216 -0.9599990079611364 -0.9599990079611364 -0.9599990079611364 -0.9599990079611364 0.20000248008178195 1.399999645700361
37 222 -0.9824321697307675 -0.9824321697307675 -0.9824321697307675 -0.9824321697307675 0.13254369192546525 1.4079886965919746
38 228 -0.9824321697307675 -0.9824321697307675 -0.9824321697307675 -0.9824321697307675 0.13254369192546525 1.4079886965919746
39 234 -0.989029707710906 -0.989029707710906 -0.989029707710906 -0.989029707710906 0.10473916311052962 1.4103296450514349
40 240 -0.989029707710906 -0.989029707710906 -0.989029707710906 -0.989029707710906 0.10473916311052962 1.4103296450514349
41 246 -0.9747651003342529 -0.9747651003342529 -0.9747651003342529 -0.9747651003342529 0.15885496424646967 1.4052633562198416
42 252 -0.9747651003342529 -0.9747651003342529 -0.9747651003342529 -0.9747651003342529 0.15885496424646967 1.4052633562198416
43 258 -0.9756287525473092 -0.9756287525473092 -0.9756287525473092 -0.9756287525473092 0.15611293172793456 1.405570614571644
44 264 -0.9756287525473092 -0.9756287525473092 -0.9756287525473092 -0.9756287525473092 0.15611293172793456 1.405570614571644
45 270 -0.9833121804446313 -0.9833121804446313 -0.9833121804446313 -0.9833121804446313 0.12918134368154163 1.4083011682323605
46 276 -0.9833121804446313 -0.9833121804446313 -0.9833121804446313 -0.9833121804446313 0.12918134368154163 1.4083011682323605
47 282 -0.9877045864570663 -0.9877045864570663 -0.9877045864570663 -0.9877045864570663 0.11088468579084237 1.4098597754589164
48 288 -0.9877045864570663 -0.9877045864570663 -0.9877045864570663 -0.9877045864570663 0.11088468579084237 1.4098597754589164
49 294 -0.9934744908812619 -0.9934744908812619 -0.9934744908812619 -0.9934744908812619 0.08078062341142284 1.4119045615342638
50 300 -0.9934744908812619 -0.9934744908812619 -0.9934744908812619 -0.9934744908812619 0.08078062341142284 1.4119045615342638
51 306 -0.995455352151491 -0.995455352151491 -0.995455352151491 -0.995455352151491 0.06741400335619611 1.4126058728999717
52 312 -0.995455352151491 -0.995455352151491 -0.995455352151491 -0.995455352151491 0.06741400335619611 1.4126058728999717
53 318 -0.9952698495355436 -0.9952698495355436 -0.9952698495355436 -0.9952698495355436 0.06877608933674846 1.41254021165259
54 324 -0.9952698495355436 -0.9952698495355436 -0.9952698495355436 -0.9952698495355436 0.06877608933674846 1.41254021165259
55 330 -0.9970570592904547 -0.9970570592904547 -0.9970570592904547 -0.9970570592904547 0.054248877495717565 1.4131726926637291
56 336 -0.9970570592904547 -0.9970570592904547 -0.9970570592904547 -0.9970570592904547 0.054248877495717565 1.4131726926637291
57 342 -0.9985901552083463 -0.9985901552083463 -0.9985901552083463 -0.9985901552083463 0.03754789996329965 1.413715019092726
58 348 -0.9985901552083463 -0.9985901552083463 -0.9985901552083463 -0.9985901552083463 0.03754789996329965 1.413715019092726
59 354 -0.9987482636288114 -0.9987482636288114 -0.9987482636288114 -0.9987482636288114 0.03537988653442211 1.413770937467881
60 360 -0.9987482636288114 -0.9987482636288114 -0.9987482636288114 -0.9987482636288114 0.03537988653442211 1.413770937467881
61 366 -0.9981024052157413 -0.9981024052157413 -0.9981024052157413 -0.9981024052157413 0.04356139098167977 1.4135425020903125
62 372 -0.9981024052157413 -0.9981024052157413 -0.9981024052157413 -0.9981024052157413 0.04356139098167977 1.4135425020903125
63 378 -0.9977432080019955 -0.9977432080019955 -0.9977432080019955 -0.9977432080019955 0.04750570489956494 1.4134154406974602
64 384 -0.9977432080019955 -0.9977432080019955 -0.9977432080019955 -0.9977432080019955 0.04750570489956494 1.4134154406974602
65 390 -0.9986633119993673 -0.9986633119993673 -0.9986633119993673 -0.9986633119993673 0.03656074398358043 1.413740892808639
66 396 -0.9986633119993673 -0.9986633119993673 -0.9986633119993673 -0.9986633119993673 0.03656074398358043 1.413740892808639
67 402 -0.9985694160164617 -0.9985694160164617 -0.9985694160164617 -0.9985694160164617 0.03782306153047463 1.4137076840763303
68 408 -0.9985694160164617 -0.9985694160164617 -0.9985694160164617 -0.9985694160164617 0.03782306153047463 1.4137076840763303
69 414 -0.9968437226857614 -0.9968437226857614 -0.9968437226857614 -0.9968437226857614 0.0561807557286168 1.413097209213068
70 420 -0.9968437226857614 -0.9968437226857614 -0.9968437226857614 -0.9968437226857614 0.0561807557286168 1.413097209213068
71 426 -0.9975721254481226 -0.9975721254481226 -0.9975721254481226 -0.9975721254481226 0.04927346701701847 1.4133549184292395
72 432 -0.9975721254481226 -0.9975721254481226 -0.9975721254481226 -0.9975721254481226 0.04927346701701847 1.4133549184292395
73 438 -0.9978983641311896 -0.9978983641311896 -0.9978983641311896 -0.9978983641311896 0.045843602266951694 1.4134703265831898
74 444 -0.9978983641311896 -0.9978983641311896 -0.9978983641311896 -0.9978983641311896 0.045843602266951694 1.4134703265831898
75 450 -0.9986076473069124 -0.9986076473069124 -0.9986076473069124 -0.9986076473069124 0.037314242496502524 1.413721205650857
76 456 -0.9986076473069124 -0.9986076473069124 -0.9986076473069124 -0.9986076473069124 0.037314242496502524 1.413721205650857
77 462 -0.9992150510067785 -0.9992150510067785 -0.9992150510067785 -0.9992150510067785 0.02801694118246556 1.4139360137597383
78 468 -0.9992150510067785 -0.9992150510067785 -0.9992150510067785 -0.9992150510067785 0.02801694118246556 1.4139360137597383
79 474 -0.999534891144427 -0.999534891144427 -0.999534891144427 -0.999534891144427 0.021566382533303334 1.4140491119987406
80 480 -0.999534891144427 -0.999534891144427 -0.999534891144427 -0.999534891144427 0.021566382533303334 1.4140491119987406
81 486 -0.9996560292112723 -0.9996560292112723 -0.9996560292112723 -0.9996560292112723 0.018546449491146966 1.4140919451051521
82 492 -0.9996560292112723 -0.9996560292112723 -0.9996560292112723 -0.9996560292112723 0.018546449491146966 1.4140919451051521
83 498 -0.9993395701249008 -0.9993395701249008 -0.9993395701249008 -0.9993395701249008 0.025698830228228067 1.4139800458722538
84 504 -0.9993395701249008 -0.9993395701249008 -0.9993395701249008 -0.9993395701249008 0.025698830228228067 1.4139800458722538
85 510 -0.9996189377024441 -0.9996189377024441 -0.9996189377024441 -0.9996189377024441 0.019520817030953583 1.414078830087787
86 516 -0.9996189377024441 -0.9996189377024441 -0.9996189377024441 -0.9996189377024441 0.019520817030953583 1.414078830087787
87 522 -0.9996262984730414 -0.9996262984730414 -0.9996262984730414 -0.9996262984730414 0.01933136122880908 1.4140814327587508
88 528 -0.9996262984730414 -0.9996262984730414 -0.9996262984730414 -0.9996262984730414 0.01933136122880908 1.4140814327587508
89 534 -0.9996754278498724 -0.9996754278498724 -0.9996754278498724 -0.9996754278498724 0.018015886048916508 1.4140988041328202
90 540 -0.9996754278498724 -0.9996754278498724 -0.9996754278498724 -0.9996754278498724 0.018015886048916508 1.4140988041328202
91 546 -0.999852131628471 -0.999852131628471 -0.999852131628471 -0.999852131628471 0.012160113960363414 1.4141612820426357
92 552 -0.999852131628471 -0.999852131628471 -0.999852131628471 -0.999852131628471 0.012160113960363414 1.4141612820426357
93 558 -0.9997076953896523 -0.9997076953896523 -0.9997076953896523 -0.9997076953896523 0.01709691815350111 1.4141102133107066
94 564 -0.9997076953896523 -0.9997076953896523 -0.9997076953896523 -0.9997076953896523 0.01709691815350111 1.4141102133107066
95 570 -0.9996268274450334 -0.9996268274450334 -0.9996268274450334 -0.9996268274450334 0.019317674678040454 1.4140816197960546
96 576 -0.9996268274450334 -0.9996268274450334 -0.9996268274450334 -0.9996268274450334 0.019317674678040454 1.4140816197960546
97 582 -0.9996598358173391 -0.9996598358173391 -0.9996598358173391 -0.9996598358173391 0.018443540404731777 1.4140932910587403
98 588 -0.9996598358173391 -0.9996598358173391 -0.9996598358173391 -0.9996598358173391 0.018443540404731777 1.4140932910587403
99 594 -0.9997012796930899 -0.9997012796930899 -0.9997012796930899 -0.9997012796930899 0.01728352703906798 1.4141079448518383
100 600 -0.9997012796930899 -0.9997012796930899 -0.9997012796930899 -0.9997012796930899 0.01728352703906798 1.4141079448518383
101 606 -0.9994787717284948 -0.9994787717284948 -0.9994787717284948 -0.9994787717284948 0.02283042425153629 1.4140292683422415
102 612 -0.9994787717284948 -0.9994787717284948 -0.9994787717284948 -0.9994787717284948 0.02283042425153629 1.4140292683422415
103 618 -0.999166272819496 -0.999166272819496 -0.999166272819496 -0.999166272819496 0.02887433428676863 1.4139187645757787
104 624 -0.999166272819496 -0.999166272819496 -0.999166272819496 -0.999166272819496 0.02887433428676863 1.4139187645757787
105 630 -0.9989950670653608 -0.9989950670653608 -0.9989950670653608 -0.9989950670653608 0.03170067719527617 1.413858220284255
106 636 -0.9989950670653608 -0.9989950670653608 -0.9989950670653608 -0.9989950670653608 0.03170067719527617 1.413858220284255
107 642 -0.9990667794105398 -0.9990667794105398 -0.9990667794105398 -0.9990667794105398 0.030548659372554826 1.4138835805718022
108 648 -0.9990667794105398 -0.9990667794105398 -0.9990667794105398 -0.9990667794105398 0.030548659372554826 1.4138835805718022
109 654 -0.9991329676143367 -0.9991329676143367 -0.9991329676143367 -0.9991329676143367 0.029445413660928815 1.4139069869034302
110 660 -0.9991329676143367 -0.9991329676143367 -0.9991329676143367 -0.9991329676143367 0.029445413660928815 1.4139069869034302
111 666 -0.9992988953600908 -0.9992988953600908 -0.9992988953600908 -0.9992988953600908 0.02647838061342205 1.4139656627231407
112 672 -0.9992988953600908 -0.9992988953600908 -0.9992988953600908 -0.9992988953600908 0.02647838061342205 1.4139656627231407
113 678 -0.9995553821712414 -0.9995553821712414 -0.9995553821712414 -0.9995553821712414 0.021085962836888746 1.414056357494722
114 684 -0.9995553821712414 -0.9995553821712414 -0.9995553821712414 -0.9995553821712414 0.021085962836888746 1.414056357494722
115 690 -0.9995691722242261 -0.9995691722242261 -0.9995691722242261 -0.9995691722242261 0.02075639120304263 1.4140612335483305
116 696 -0.9995691722242261 -0.9995691722242261 -0.9995691722242261 -0.9995691722242261 0.02075639120304263 1.4140612335483305
117 702 -0.9996619856421843 -0.9996619856421843 -0.9996619856421843 -0.9996619856421843 0.01838516678781648 1.4140940512010454
118 708 -0.9996619856421843 -0.9996619856421843 -0.9996619856421843 -0.9996619856421843 0.01838516678781648 1.4140940512010454
119 714 -0.9995076966008697 -0.9995076966008697 -0.9995076966008697 -0.9995076966008697 0.02218791110335587 1.414039496124797
120 720 -0.9995076966008697 -0.9995076966008697 -0.9995076966008697 -0.9995076966008697 0.02218791110335587 1.414039496124797
121 726 -0.9996306638108988 -0.9996306638108988 -0.9996306638108988 -0.9996306638108988 0.019218121372833376 1.4140829762821199
122 732 -0.9996306638108988 -0.9996306638108988 -0.9996306638108988 -0.9996306638108988 0.019218121372833376 1.4140829762821199
123 738 -0.9998393938362601 -0.9998393938362601 -0.9998393938362601 -0.9998393938362601 0.0126730487152801 1.4141567783793494
124 744 -0.9998393938362601 -0.9998393938362601 -0.9998393938362601 -0.9998393938362601 0.0126730487152801 1.4141567783793494
125 750 -0.9997926922698115 -0.9997926922698115 -0.9997926922698115 -0.9997926922698115 0.01439818496160423 1.4141402661227815
126 756 -0.9997926922698115 -0.9997926922698115 -0.9997926922698115 -0.9997926922698115 0.01439818496160423 1.4141402661227815
127 762 -0.9997136074120716 -0.9997136074120716 -0.9997136074120716 -0.9997136074120716 0.016923137650216486 1.4141123036774947
128 768 -0.9997136074120716 -0.9997136074120716 -0.9997136074120716 -0.9997136074120716 0.016923137650216486 1.4141123036774947
129 774 -0.9998303806819754 -0.9998303806819754 -0.9998303806819754 -0.9998303806819754 0.013023798141270498 1.4141535916165455
130 780 -0.9998303806819754 -0.9998303806819754 -0.9998303806819754 -0.9998303806819754 0.013023798141270498 1.4141535916165455
131 786 -0.9999002404126762 -0.9999002404126762 -0.9999002404126762 -0.9999002404126762 0.009987972132717647 1.4141782915929224
132 792 -0.9999002404126762 -0.9999002404126762 -0.9999002404126762 -0.9999002404126762 0.009987972132717647 1.4141782915929224
133 798 -0.9999106540769455 -0.9999106540769455 -0.9999106540769455 -0.9999106540769455 0.00945229723688528 1.4141819734662668
134 804 -0.9999106540769455 -0.9999106540769455 -0.9999106540769455 -0.9999106540769455 0.00945229723688528 1.4141819734662668
135 810 -0.9998839920400804 -0.9998839920400804 -0.9998839920400804 -0.9998839920400804 0.010770699137913509 1.414172546770754
136 816 -0.9998839920400804 -0.9998839920400804 -0.9998839920400804 -0.9998839920400804 0.010770699137913509 1.414172546770754
137 822 -0.9998877684724806 -0.9998877684724806 -0.9998877684724806 -0.9998877684724806 0.010593938244079946 1.4141738819793273
138 828 -0.9998877684724806 -0.9998877684724806 -0.9998877684724806 -0.9998877684724806 0.010593938244079946 1.4141738819793273
139 834 -0.9999061229008733 -0.9999061229008733 -0.9999061229008733 -0.9999061229008733 0.009689019513179976 1.4141803714169112
140 840 -0.9999061229008733 -0.9999061229008733 -0.9999061229008733 -0.9999061229008733 0.009689019513179976 1.4141803714169112
141 846 -0.9999356533285697 -0.9999356533285697 -0.9999356533285697 -0.9999356533285697 0.008021637702500788 1.4141908122062488
142 852 -0.9999356533285697 -0.9999356533285697 -0.9999356533285697 -0.9999356533285697 0.008021637702500788 1.4141908122062488
143 858 -0.9999731997738109 -0.9999731997738109 -0.9999731997738109 -0.9999731997738109 0.005176893488291649 1.4142040870305146
144 864 -0.9999731997738109 -0.9999731997738109 -0.9999731997738109 -0.9999731997738109 0.005176893488291649 1.4142040870305146
145 870 -0.999976367402988 -0.999976367402988 -0.999976367402988 -0.999976367402988 0.004861336957273954 1.4142052069636104
146 876 -0.999976367402988 -0.999976367402988 -0.999976367402988 -0.999976367402988 0.004861336957273954 1.4142052069636104
147 882 -0.999978876151887 -0.999978876151887 -0.999978876151887 -0.999978876151887 0.004596068767204152 1.4142060939452519
148 888 -0.999978876151887 -0.999978876151887 -0.999978876151887 -0.999978876151887 0.004596068767204152 1.4142060939452519
149 894 -0.9999840020801909 -0.9999840020801909 -0.9999840020801909 -0.9999840020801909 0.00399973996766553 1.4142079062429933
150 900 -0.9999840020801909 -0.9999840020801909 -0.9999840020801909 -0.9999840020801909 0.00399973996766553 1.4142079062429933
151 906 -0.9999711597494102 -0.9999711597494102 -0.9999711597494102 -0.9999711597494102 0.005370311963928365 1.4142033657679542
152 912 -0.9999711597494102 -0.9999711597494102 -0.9999711597494102 -0.9999711597494102 0.005370311963928365 1.4142033657679542
153 918 -0.9999568927277851 -0.9999568927277851 -0.9999568927277851 -0.9999568927277851 0.006565612859061254 1.4141983215687202
154 924 -0.9999568927277851 -0.9999568927277851 -0.9999568927277851 -0.9999568927277851 0.006565612859061254 1.4141983215687202
155 930 -0.9999732313397053 -0.9999732313397053 -0.9999732313397053 -0.9999732313397053 0.005173843860682127 1.4142040981908182
156 936 -0.9999732313397053 -0.9999732313397053 -0.9999732313397053 -0.9999732313397053 0.005173843860682127 1.4142040981908182
157 942 -0.9999721490573513 -0.9999721490573513 -0.9999721490573513 -0.9999721490573513 0.005277399231519613 1.4142037155436098
158 948 -0.9999721490573513 -0.9999721490573513 -0.9999721490573513 -0.9999721490573513 0.005277399231519613 1.4142037155436098
159 954 -0.9999160977447937 -0.9999160977447937 -0.9999160977447937 -0.9999160977447937 0.009159817422100404 1.414183898135173
160 960 -0.9999160977447937 -0.9999160977447937 -0.9999160977447937 -0.9999160977447937 0.009159817422100404 1.414183898135173
161 966 -0.9999587509028064 -0.9999587509028064 -0.9999587509028064 -0.9999587509028064 0.006422546005565665 1.4141989785397266
162 972 -0.9999587509028064 -0.9999587509028064 -0.9999587509028064 -0.9999587509028064 0.006422546005565665 1.4141989785397266
163 978 -0.9999587151421937 -0.9999587151421937 -0.9999587151421937 -0.9999587151421937 0.006425329392846589 1.4141989658963103
164 984 -0.9999587151421937 -0.9999587151421937 -0.9999587151421937 -0.9999587151421937 0.006425329392846589 1.4141989658963103
165 990 -0.9999819313172186 -0.9999819313172186 -0.9999819313172186 -0.9999819313172186 0.004250727323827738 1.4142071741146056
166 996 -0.9999819313172186 -0.9999819313172186 -0.9999819313172186 -0.9999819313172186 0.004250727323827738 1.4142071741146056
167 1002 -0.9999849621331239 -0.9999849621331239 -0.9999849621331239 -0.9999849621331239 0.003877868857512648 1.4142082456742797
168 1008 -0.9999849621331239 -0.9999849621331239 -0.9999849621331239 -0.9999849621331239 0.003877868857512648 1.4142082456742797
169 1014 -0.9999785251595033 -0.9999785251595033 -0.9999785251595033 -0.9999785251595033 0.004634095434575024 1.414205969850044
170 1020 -0.9999785251595033 -0.9999785251595033 -0.9999785251595033 -0.9999785251595033 0.004634095434575024 1.414205969850044
171 1026 -0.9999711623124196 -0.9999711623124196 -0.9999711623124196 -0.9999711623124196 0.005370073330990812 1.4142033666741214
172 1032 -0.9999711623124196 -0.9999711623124196 -0.9999711623124196 -0.9999711623124196 0.005370073330990812 1.4142033666741214
173 1038 -0.999970722771716 -0.999970722771716 -0.999970722771716 -0.999970722771716 0.00541084358339779 1.4142032112718865
174 1044 -0.999970722771716 -0.999970722771716 -0.999970722771716 -0.999970722771716 0.00541084358339779 1.4142032112718865
175 1050 -0.9999381531436004 -0.9999381531436004 -0.9999381531436004 -0.9999381531436004 0.007864277233134296 1.4141916960382706
176 1056 -0.9999381531436004 -0.9999381531436004 -0.9999381531436004 -0.9999381531436004 0.007864277233134296 1.4141916960382706
177 1062 -0.9999269289997964 -0.9999269289997964 -0.9999269289997964 -0.9999269289997964 0.008548157708161159 1.4141877276372457
178 1068 -0.9999269289997964 -0.9999269289997964 -0.9999269289997964 -0.9999269289997964 0.008548157708161159 1.4141877276372457
179 1074 -0.999904537467844 -0.999904537467844 -0.999904537467844 -0.999904537467844 0.009770492933111233 1.4141798108684214
180 1080 -0.999904537467844 -0.999904537467844 -0.999904537467844 -0.999904537467844 0.009770492933111233 1.4141798108684214
181 1086 -0.9999464388547502 -0.9999464388547502 -0.9999464388547502 -0.9999464388547502 0.007318548028795872 1.414194625521802
182 1092 -0.9999464388547502 -0.9999464388547502 -0.9999464388547502 -0.9999464388547502 0.007318548028795872 1.414194625521802
183 1098 -0.9998977106241421 -0.9998977106241421 -0.9998977106241421 -0.9998977106241421 0.01011382103153294 1.4141773971550182
184 1104 -0.9998977106241421 -0.9998977106241421 -0.9998977106241421 -0.9998977106241421 0.01011382103153294 1.4141773971550182
185 1110 -0.999915631060447 -0.999915631060447 -0.999915631060447 -0.999915631060447 0.009185256640559195 1.4141837331338694
186 1116 -0.999915631060447 -0.999915631060447 -0.999915631060447 -0.999915631060447 0.009185256640559195 1.4141837331338694
187 1122 -0.9998794242658854 -0.9998794242658854 -0.9998794242658854 -0.9998794242658854 0.010980698252603298 1.414170931770939
188 1128 -0.9998794242658854 -0.9998794242658854 -0.9998794242658854 -0.9998794242658854 0.010980698252603298 1.414170931770939
189 1134 -0.9998509848854283 -0.9998509848854283 -0.9998509848854283 -0.9998509848854283 0.012207174717014399 1.414160876592698
190 1140 -0.9998509848854283 -0.9998509848854283 -0.9998509848854283 -0.9998509848854283 0.012207174717014399 1.414160876592698
191 1146 -0.9997828937980349 -0.9997828937980349 -0.9997828937980349 -0.9997828937980349 0.014734524151290642 1.4141368016560614
192 1152 -0.9997828937980349 -0.9997828937980349 -0.9997828937980349 -0.9997828937980349 0.014734524151290642 1.4141368016560614
193 1158 -0.9997795245432395 -0.9997795245432395 -0.9997795245432395 -0.9997795245432395 0.01484841596806109 1.414135610379443
194 1164 -0.9997795245432395 -0.9997795245432395 -0.9997795245432395 -0.9997795245432395 0.01484841596806109 1.414135610379443
195 1170 -0.9997078544375806 -0.9997078544375806 -0.9997078544375806 -0.9997078544375806 0.01709226615810233 1.4141102695467496
196 1176 -0.9997078544375806 -0.9997078544375806 -0.9997078544375806 -0.9997078544375806 0.01709226615810233 1.4141102695467496
197 1182 -0.999833942067518 -0.999833942067518 -0.999833942067518 -0.999833942067518 0.012886346746922583 1.4141548508093158
198 1188 -0.999833942067518 -0.999833942067518 -0.999833942067518 -0.999833942067518 0.012886346746922583 1.4141548508093158
199 1194 -0.999845142224999 -0.999845142224999 -0.999845142224999 -0.999845142224999 0.012444186393687998 1.4141588108218253
200 1200 -0.999845142224999 -0.999845142224999 -0.999845142224999 -0.999845142224999 0.012444186393687998 1.4141588108218253
201 1206 -0.9998406376763435 -0.9998406376763435 -0.9998406376763435 -0.9998406376763435 0.0126238791049603 1.414157218160818
202 1212 -0.9998406376763435 -0.9998406376763435 -0.9998406376763435 -0.9998406376763435 0.0126238791049603 1.414157218160818
203 1218 -0.9998328556779551 -0.9998328556779551 -0.9998328556779551 -0.9998328556779551 0.012928430764980672 1.4141544666966035
204 1224 -0.9998328556779551 -0.9998328556779551 -0.9998328556779551 -0.9998328556779551 0.012928430764980672 1.4141544666966035
205 1230 -0.9997596525882217 -0.9997596525882217 -0.9997596525882217 -0.9997596525882217 0.01550314199696404 1.4141285841776277
206 1236 -0.9997596525882217 -0.9997596525882217 -0.9997596525882217 -0.9997596525882217 0.01550314199696404 1.4141285841776277
207 1242 -0.9997403663274319 -0.9997403663274319 -0.9997403663274319 -0.9997403663274319 0.016113152161141335 1.4141217650285396
208 1248 -0.9997403663274319 -0.9997403663274319 -0.9997403663274319 -0.9997403663274319 0.016113152161141335 1.4141217650285396
209 1254 -0.9994656753235813 -0.9994656753235813 -0.9994656753235813 -0.9994656753235813 0.02311546401045092 1.4140246374528207
210 1260 -0.9994656753235813 -0.9994656753235813 -0.9994656753235813 -0.9994656753235813 0.02311546401045092 1.4140246374528207
211 1266 -0.999272948124832 -0.999272948124832 -0.999272948124832 -0.999272948124832 0.026963899480011023 1.413956487352009
212 1272 -0.999272948124832 -0.999272948124832 -0.999272948124832 -0.999272948124832 0.026963899480011023 1.413956487352009
213 1278 -0.9990710187829666 -0.9990710187829666 -0.9990710187829666 -0.9990710187829666 0.030479193182127412 1.4138850797653133
214 1284 -0.9990710187829666 -0.9990710187829666 -0.9990710187829666 -0.9990710187829666 0.030479193182127412 1.4138850797653133
215 1290 -0.9977977300869996 -0.9977977300869996 -0.9977977300869996 -0.9977977300869996 0.04692834871376006 1.413434727918838
216 1296 -0.9977977300869996 -0.9977977300869996 -0.9977977300869996 -0.9977977300869996 0.04692834871376006 1.413434727918838
217 1302 -0.9978469953118682 -0.9978469953118682 -0.9978469953118682 -0.9978469953118682 0.04640048155064544 1.4134521552963397
218 1308 -0.9978469953118682 -0.9978469953118682 -0.9978469953118682 -0.9978469953118682 0.04640048155064544 1.4134521552963397
219 1314 -0.9947231988123904 -0.9947231988123904 -0.9947231988123904 -0.9947231988123904 0.0726415940602175 1.4123466992252256
220 1320 -0.9947231988123904 -0.9947231988123904 -0.9947231988123904 -0.9947231988123904 0.0726415940602175 1.4123466992252256
221 1326 -0.99367731614975 -0.99367731614975 -0.99367731614975 -0.99367731614975 0.07951530576090562 1.4119763865411312
222 1332 -0.99367731614975 -0.99367731614975 -0.99367731614975 -0.99367731614975 0.07951530576090562 1.4119763865411312
223 1338 -0.9960046521702227 -0.9960046521702227 -0.9960046521702227 -0.9960046521702227 0.06320876386844897 1.4128002874328072
224 1344 -0.9960046521702227 -0.9960046521702227 -0.9960046521702227 -0.9960046521702227 0.06320876386844897 1.4128002874328072
225 1350 -0.9939540930621328 -0.9939540930621328 -0.9939540930621328 -0.9939540930621328 0.0777554302789647 1.4120743936004692
226 1356 -0.9939540930621328 -0.9939540930621328 -0.9939540930621328 -0.9939540930621328 0.0777554302789647 1.4120743936004692
227 1362 -0.9959947898731342 -0.9959947898731342 -0.9959947898731342 -0.9959947898731342 0.06328672946886872 1.412796797091901
228 1368 -0.9959947898731342 -0.9959947898731342 -0.9959947898731342 -0.9959947898731342 0.06328672946886872 1.412796797091901
229 1374 -0.9974926075196409 -0.9974926075196409 -0.9974926075196409 -0.9974926075196409 0.050073870235474494 1.4133267872362856
230 1380 -0.9974926075196409 -0.9974926075196409 -0.9974926075196409 -0.9974926075196409 0.050073870235474494 1.4133267872362856
231 1386 -0.9980003120017499 -0.9980003120017499 -0.9980003120017499 -0.9980003120017499 0.04471787112833276 1.4135063890912378
232 1392 -0.9980003120017499 -0.9980003120017499 -0.9980003120017499 -0.9980003120017499 0.04471787112833276 1.4135063890912378
233 1398 -0.9988708574110552 -0.9988708574110552 -0.9988708574110552 -0.9988708574110552 0.03360271698754562 1.4138142938204634
234 1404 -0.9988708574110552 -0.9988708574110552 -0.9988708574110552 -0.9988708574110552 0.03360271698754562 1.4138142938204634
235 1410 -0.9994076157772538 -0.9994076157772538 -0.9994076157772538 -0.9994076157772538 0.0243389445692744 1.4140041074117338
236 1416 -0.9994076157772538 -0.9994076157772538 -0.9994076157772538 -0.9994076157772538 0.0243389445692744 1.4140041074117338
237 1422 -0.9994837195315273 -0.9994837195315273 -0.9994837195315273 -0.9994837195315273 0.02272180601257221 1.4140310178816897
238 1428 -0.9994837195315273 -0.9994837195315273 -0.9994837195315273 -0.9994837195315273 0.02272180601257221 1.4140310178816897
239 1434 -0.9996145943984185 -0.9996145943984185 -0.9996145943984185 -0.9996145943984185 0.019631749834938893 1.4140772943507787
240 1440 -0.9996145943984185 -0.9996145943984185 -0.9996145943984185 -0.9996145943984185 0.019631749834938893 1.4140772943507787
241 1446 -0.9992782983253288 -0.9992782983253288 -0.9992782983253288 -0.9992782983253288 0.026864505851987096 1.4139583792761825
242 1452 -0.9992782983253288 -0.9992782983253288 -0.9992782983253288 -0.9992782983253288 0.026864505851987096 1.4139583792761825
243 1458 -0.9984561436568099 -0.9984561436568099 -0.9984561436568099 -0.9984561436568099 0.03929193738147798 1.4136676213512176
244 1464 -0.9984561436568099 -0.9984561436568099 -0.9984561436568099 -0.9984561436568099 0.03929193738147798 1.4136676213512176
245 1470 -0.9963092585918027 -0.9963092585918027 -0.9963092585918027 -0.9963092585918027 0.06075147247760681 1.4129080856842045
246 1476 -0.9963092585918027 -0.9963092585918027 -0.9963092585918027 -0.9963092585918027 0.06075147247760681 1.4129080856842045
247 1482 -0.99785974120124 -0.99785974120124 -0.99785974120124 -0.99785974120124 0.046262931151843704 1.4134566640690616
248 1488 -0.99785974120124 -0.99785974120124 -0.99785974120124 -0.99785974120124 0.046262931151843704 1.4134566640690616
249 1494 -0.9982071979303591 -0.9982071979303591 -0.9982071979303591 -0.9982071979303591 0.042341493474379086 1.4135795690127808
250 1500 -0.9982071979303591 -0.9982071979303591 -0.9982071979303591 -0.9982071979303591 0.042341493474379086 1.4135795690127808
251 1506 -0.9982435687880274 -0.9982435687880274 -0.9982435687880274 -0.9982435687880274 0.041909798519827714 1.4135924337615944
252 1512 -0.9982435687880274 -0.9982435687880274 -0.9982435687880274 -0.9982435687880274 0.041909798519827714 1.4135924337615944
253 1518 -0.9990625969184643 -0.9990625969184643 -0.9990625969184643 -0.9990625969184643 0.0306170390719885 1.413882101491657
254 1524 -0.9990625969184643 -0.9990625969184643 -0.9990625969184643 -0.9990625969184643 0.0306170390719885 1.413882101491657
255 1530 -0.9993863929744387 -0.9993863929744387 -0.9993863929744387 -0.9993863929744387 0.024771092538708014 1.4139966028864563
256 1536 -0.9993863929744387 -0.9993863929744387 -0.9993863929744387 -0.9993863929744387 0.024771092538708014 1.4139966028864563
257 1542 -0.9996305852381984 -0.9996305852381984 -0.9996305852381984 -0.9996305852381984 0.019220165498812572 1.4140829484999098
258 1548 -0.9996305852381984 -0.9996305852381984 -0.9996305852381984 -0.9996305852381984 0.019220165498812572 1.4140829484999098
259 1554 -0.9997009693339536 -0.9997009693339536 -0.9997009693339536 -0.9997009693339536 0.017292503174681294 1.4141078351151135
260 1560 -0.9997009693339536 -0.9997009693339536 -0.9997009693339536 -0.9997009693339536 0.017292503174681294 1.4141078351151135
261 1566 -0.9997854885983436 -0.9997854885983436 -0.9997854885983436 -0.9997854885983436 0.014646207756834109 1.4141377191060083
262 1572 -0.9997854885983436 -0.9997854885983436 -0.9997854885983436 -0.9997854885983436 0.014646207756834109 1.4141377191060083
263 1578 -0.9997853537245137 -0.9997853537245137 -0.9997853537245137 -0.9997853537245137 0.014650811427581853 1.4141376714183502
264 1584 -0.9997853537245137 -0.9997853537245137 -0.9997853537245137 -0.9997853537245137 0.014650811427581853 1.4141376714183502
265 1590 -0.9998043898850877 -0.9998043898850877 -0.9998043898850877 -0.9998043898850877 0.01398606860102156 1.414144402062635
266 1596 -0.9998043898850877 -0.9998043898850877 -0.9998043898850877 -0.9998043898850877 0.01398606860102156 1.414144402062635
267 1602 -0.9998676209715442 -0.9998676209715442 -0.9998676209715442 -0.9998676209715442 0.011505608565208929 1.4141667585442477
268 1608 -0.9998676209715442 -0.9998676209715442 -0.9998676209715442 -0.9998676209715442 0.011505608565208929 1.4141667585442477
269 1614 -0.9999257677481648 -0.9999257677481648 -0.9999257677481648 -0.9999257677481648 0.008615814055287071 1.414187317065234
270 1620 -0.9999257677481648 -0.9999257677481648 -0.9999257677481648 -0.9999257677481648 0.008615814055287071 1.414187317065234
271 1626 -0.9998720154064877 -0.9998720154064877 -0.9998720154064877 -0.9998720154064877 0.011313027601495952 1.4141683122621889
272 1632 -0.9998720154064877 -0.9998720154064877 -0.9998720154064877 -0.9998720154064877 0.011313027601495952 1.4141683122621889
273 1638 -0.9995246755411039 -0.9995246755411039 -0.9995246755411039 -0.9995246755411039 0.021801937044588448 1.4140454998128964
274 1644 -0.9995246755411039 -0.9995246755411039 -0.9995246755411039 -0.9995246755411039 0.021801937044588448 1.4140454998128964
275 1650 -0.9993597611462743 -0.9993597611462743 -0.9993597611462743 -0.9993597611462743 0.025302941602227128 1.413987185637223
276 1656 -0.9993597611462743 -0.9993597611462743 -0.9993597611462743 -0.9993597611462743 0.025302941602227128 1.413987185637223
277 1662 -0.9997379167919709 -0.9997379167919709 -0.9997379167919709 -0.9997379167919709 0.01618898415680161 1.4141208989304879
278 1668 -0.9997379167919709 -0.9997379167919709 -0.9997379167919709 -0.9997379167919709 0.01618898415680161 1.4141208989304879
279 1674 -0.9998461824861242 -0.9998461824861242 -0.9998461824861242 -0.9998461824861242 0.012402318891067117 1.414159178623865
280 1680 -0.9998461824861242 -0.9998461824861242 -0.9998461824861242 -0.9998461824861242 0.012402318891067117 1.414159178623865
281 1686 -0.9998813192601181 -0.9998813192601181 -0.9998813192601181 -0.9998813192601181 0.010894069023184846 1.4141716017726131
282 1692 -0.9998813192601181 -0.9998813192601181 -0.9998813192601181 -0.9998813192601181 0.010894069023184846 1.4141716017726131
283 1698 -0.9998052759860452 -0.9998052759860452 -0.9998052759860452 -0.9998052759860452 0.013954354659204856 1.4141447153619198
284 1704 -0.9998052759860452 -0.9998052759860452 -0.9998052759860452 -0.9998052759860452 0.013954354659204856 1.4141447153619198
285 1710 -0.9998803845067574 -0.9998803845067574 -0.9998803845067574 -0.9998803845067574 0.01093688681676309 1.4141712712775485
286 1716 -0.9998803845067574 -0.9998803845067574 -0.9998803845067574 -0.9998803845067574 0.01093688681676309 1.4141712712775485
287 1722 -0.9999412851786514 -0.9999412851786514 -0.9999412851786514 -0.9999412851786514 0.007662559712553564 1.4141928033965707
288 1728 -0.9999412851786514 -0.9999412851786514 -0.9999412851786514 -0.9999412851786514 0.007662559712553564 1.4141928033965707
289 1734 -0.9999610993207596 -0.9999610993207596 -0.9999610993207596 -0.9999610993207596 0.0062370409041873015 1.4141998088391752
290 1740 -0.9999610993207596 -0.9999610993207596 -0.9999610993207596 -0.9999610993207596 0.0062370409041873015 1.4141998088391752
291 1746 -0.9999467912190954 -0.9999467912190954 -0.9999467912190954 -0.9999467912190954 0.00729443492702036 1.4141947501030738
292 1752 -0.9999467912190954 -0.9999467912190954 -0.9999467912190954 -0.9999467912190954 0.00729443492702036 1.4141947501030738
293 1758 -0.9999694532225367 -0.9999694532225367 -0.9999694532225367 -0.9999694532225367 0.005526913918569802 1.414202762415113
294 1764 -0.9999694532225367 -0.9999694532225367 -0.9999694532225367 -0.9999694532225367 0.005526913918569802 1.414202762415113
295 1770 -0.9999620638996944 -0.9999620638996944 -0.9999620638996944 -0.9999620638996944 0.006159228872639645 1.4142001498726036
296 1776 -0.9999620638996944 -0.9999620638996944 -0.9999620638996944 -0.9999620638996944 0.006159228872639645 1.4142001498726036
297 1782 -0.9999561238754182 -0.9999561238754182 -0.9999561238754182 -0.9999561238754182 0.006623905538431623 1.4141980497354034
298 1788 -0.9999561238754182 -0.9999561238754182 -0.9999561238754182 -0.9999561238754182 0.006623905538431623 1.4141980497354034
299 1794 -0.9999649556911564 -0.9999649556911564 -0.9999649556911564 -0.9999649556911564 0.005919823379435611 1.4142011722846068
300 1800 -0.9999649556911564 -0.9999649556911564 -0.9999649556911564 -0.9999649556911564 0.005919823379435611 1.4142011722846068
301 1806 -0.999969592803027 -0.999969592803027 -0.999969592803027 -0.999969592803027 0.005514272116336256 1.4142028117646446
302 1812 -0.999969592803027 -0.999969592803027 -0.999969592803027 -0.999969592803027 0.005514272116336256 1.4142028117646446
303 1818 -0.999968961133884 -0.999968961133884 -0.999968961133884 -0.999968961133884 0.005571253549790298 1.414202588434162
304 1824 -0.999968961133884 -0.999968961133884 -0.999968961133884 -0.999968961133884 0.005571253549790298 1.414202588434162
305 1830 -0.9999800726684818 -0.9999800726684818 -0.9999800726684818 -0.9999800726684818 0.004464003978282437 1.4142065169799218
306 1836 -0.9999800726684818 -0.9999800726684818 -0.9999800726684818 -0.9999800726684818 0.004464003978282437 1.4142065169799218
307 1842 -0.9999862057766546 -0.9999862057766546 -0.9999862057766546 -0.9999862057766546 0.0037140575312689587 1.4142086853702514
308 1848 -0.9999862057766546 -0.9999862057766546 -0.9999862057766546 -0.9999862057766546 0.0037140575312689587 1.4142086853702514
309 1854 -0.9999909109994016 -0.9999909109994016 -0.9999909109994016 -0.9999909109994016 0.0030147969414456954 1.4142103489224656
310 1860 -0.9999909109994016 -0.9999909109994016 -0.9999909109994016 -0.9999909109994016 0.0030147969414456954 1.4142103489224656
311 1866 -0.9999949361902623 -0.9999949361902623 -0.9999949361902623 -0.9999949361902623 0.0022502910340599755 1.4142117720448597
312 1872 -0.9999949361902623 -0.9999949361902623 -0.9999949361902623 -0.9999949361902623 0.0022502910340599755 1.4142117720448597
313 1878 -0.9999958458335716 -0.9999958458335716 -0.9999958458335716 -0.9999958458335716 0.0020381772318162194 1.4142120936527065
314 1884 -0.9999958458335716 -0.9999958458335716 -0.9999958458335716 -0.9999958458335716 0.0020381772318162194 1.4142120936527065
315 1890 -0.999997472011231 -0.999997472011231 -0.999997472011231 -0.999997472011231 0.0015899650213088094 1.414212668593812
316 1896 -0.999997472011231 -0.999997472011231 -0.999997472011231 -0.999997472011231 0.0015899650213088094 1.414212668593812
317 1902 -0.9999961698437767 -0.9999961698437767 -0.9999961698437767 -0.9999961698437767 0.001957078491829978 1.4142122082077275
318 1908 -0.9999961698437767 -0.9999961698437767 -0.9999961698437767 -0.9999961698437767 0.001957078491829978 1.4142122082077275
319 1914 -0.999994132166927 -0.999994132166927 -0.999994132166927 -0.999994132166927 0.002422361053335084 1.4142114877792948
320 1920 -0.999994132166927 -0.999994132166927 -0.999994132166927 -0.999994132166927 0.002422361053335084 1.4142114877792948
321 1926 -0.9999936109209727 -0.9999936109209727 -0.9999936109209727 -0.9999936109209727 0.0025276627597671567 1.414211303490738
322 1932 -0.9999936109209727 -0.9999936109209727 -0.9999936109209727 -0.9999936109209727 0.0025276627597671567 1.414211303490738
323 1938 -0.9999900260081266 -0.9999900260081266 -0.9999900260081266 -0.9999900260081266 0.003158162737005994 1.414210036030054
324 1944 -0.9999900260081266 -0.9999900260081266 -0.9999900260081266 -0.9999900260081266 0.003158162737005994 1.414210036030054
325 1950 -0.9999915703396873 -0.9999915703396873 -0.9999915703396873 -0.9999915703396873 0.002903387730384533 1.4142105820349695
326 1956 -0.9999915703396873 -0.9999915703396873 -0.9999915703396873 -0.9999915703396873 0.002903387730384533 1.4142105820349695
327 1962 -0.9999885086091788 -0.9999885086091788 -0.9999885086091788 -0.9999885086091788 0.003389895399765289 1.4142094995470718
328 1968 -0.9999885086091788 -0.9999885086091788 -0.9999885086091788 -0.9999885086091788 0.003389895399765289 1.4142094995470718
329 1974 -0.9999904144579936 -0.9999904144579936 -0.9999904144579936 -0.9999904144579936 0.003096052649140811 1.4142101733681574
330 1980 -0.9999904144579936 -0.9999904144579936 -0.9999904144579936 -0.9999904144579936 0.003096052649140811 1.4142101733681574
331 1986 -0.99998337982576 -0.99998337982576 -0.99998337982576 -0.99998337982576 0.004076784791969529 1.4142076862419324
332 1992 -0.99998337982576 -0.99998337982576 -0.99998337982576 -0.99998337982576 0.004076784791969529 1.4142076862419324
333 1998 -0.9999843588646612 -0.9999843588646612 -0.9999843588646612 -0.9999843588646612 0.003954887525416542 1.4142080323858512
334 2004 -0.9999843588646612 -0.9999843588646612 -0.9999843588646612 -0.9999843588646612 0.003954887525416542 1.4142080323858512
335 2010 -0.9999615399240988 -0.9999615399240988 -0.9999615399240988 -0.9999615399240988 0.006201618812945627 1.414199964617486
336 2016 -0.9999615399240988 -0.9999615399240988 -0.9999615399240988 -0.9999615399240988 0.006201618812945627 1.414199964617486
337 2022 -0.999981813433278 -0.999981813433278 -0.999981813433278 -0.999981813433278 0.004264571106451183 1.4142071324361498
338 2028 -0.999981813433278 -0.999981813433278 -0.999981813433278 -0.999981813433278 0.004264571106451183 1.4142071324361498
339 2034 -0.9999924019272867 -0.9999924019272867 -0.9999924019272867 -0.9999924019272867 0.002756460178068494 1.414210876046174
340 2040 -0.9999924019272867 -0.9999924019272867 -0.9999924019272867 -0.9999924019272867 0.002756460178068494 1.414210876046174
341 2046 -0.9999916137402991 -0.9999916137402991 -0.9999916137402991 -0.9999916137402991 0.002895903952282133 1.4142105973794352
342 2052 -0.9999916137402991 -0.9999916137402991 -0.9999916137402991 -0.9999916137402991 0.002895903952282133 1.4142105973794352
343 2058 -0.9999936719214523 -0.9999936719214523 -0.9999936719214523 -0.9999936719214523 0.002515567241741665 1.4142113250576989
344 2064 -0.9999936719214523 -0.9999936719214523 -0.9999936719214523 -0.9999936719214523 0.002515567241741665 1.4142113250576989
345 2070 -0.9999953597430118 -0.9999953597430118 -0.9999953597430118 -0.9999953597430118 0.0021541255738924945 1.414211921793552
346 2076 -0.9999953597430118 -0.9999953597430118 -0.9999953597430118 -0.9999953597430118 0.0021541255738924945 1.414211921793552
347 2082 -0.9999954222434988 -0.9999954222434988 -0.9999954222434988 -0.9999954222434988 0.0021395692326521354 1.4142119438908367
348 2088 -0.9999954222434988 -0.9999954222434988 -0.9999954222434988 -0.9999954222434988 0.0021395692326521354 1.4142119438908367
349 2094 -0.9999944379076509 -0.9999944379076509 -0.9999944379076509 -0.9999944379076509 0.0023584088596336206 1.414211595875119
350 2100 -0.9999944379076509 -0.9999944379076509 -0.9999944379076509 -0.9999944379076509 0.0023584088596336206 1.414211595875119
351 2106 -0.9999923891991347 -0.9999923891991347 -0.9999923891991347 -0.9999923891991347 0.002758767997731912 1.4142108715460842
352 2112 -0.9999923891991347 -0.9999923891991347 -0.9999923891991347 -0.9999923891991347 0.002758767997731912 1.4142108715460842
353 2118 -0.999987027049333 -0.999987027049333 -0.999987027049333 -0.999987027049333 0.003601798254628522 1.414208975734963
354 2124 -0.999987027049333 -0.999987027049333 -0.999987027049333 -0.999987027049333 0.003601798254628522 1.414208975734963
355 2130 -0.9999946347425216 -0.9999946347425216 -0.9999946347425216 -0.9999946347425216 0.0023163025446378675 1.41421166546685
356 2136 -0.9999946347425216 -0.9999946347425216 -0.9999946347425216 -0.9999946347425216 0.0023163025446378675 1.41421166546685
357 2142 -0.9999969763455777 -0.9999969763455777 -0.9999969763455777 -0.9999969763455777 0.001738865843718704 1.414212493349418
358 2148 -0.9999969763455777 -0.9999969763455777 -0.9999969763455777 -0.9999969763455777 0.001738865843718704 1.414212493349418
359 2154 -0.9999953535310553 -0.9999953535310553 -0.9999953535310553 -0.9999953535310553 0.0021555669659929304 1.4142119195972913
360 2160 -0.9999953535310553 -0.9999953535310553 -0.9999953535310553 -0.9999953535310553 0.0021555669659929304 1.4142119195972913
361 2166 -0.999997261281113 -0.999997261281113 -0.999997261281113 -0.999997261281113 0.001654907516099034 1.4142125940894152
362 2172 -0.999997261281113 -0.999997261281113 -0.999997261281113 -0.999997261281113 0.001654907516099034 1.4142125940894152
363 2178 -0.9999981726547236 -0.9999981726547236 -0.9999981726547236 -0.9999981726547236 0.0013517933556475446 1.4142129163088293
364 2184 -0.9999981726547236 -0.9999981726547236 -0.9999981726547236 -0.9999981726547236 0.0013517933556475446 1.4142129163088293
365 2190 -0.9999987886050313 -0.9999987886050313 -0.9999987886050313 -0.9999987886050313 0.001100633893996697 1.4142131340802315
366 2196 -0.9999987886050313 -0.9999987886050313 -0.9999987886050313 -0.9999987886050313 0.001100633893996697 1.4142131340802315
367 2202 -0.9999995824530227 -0.9999995824530227 -0.9999995824530227 -0.9999995824530227 0.0006461787502905826 1.4142134147479377
368 2208 -0.9999995824530227 -0.9999995824530227 -0.9999995824530227 -0.9999995824530227 0.0006461787502905826 1.4142134147479377
369 2214 -0.9999987881673503 -0.9999987881673503 -0.9999987881673503 -0.9999987881673503 0.001100832707421026 1.414213133925488
370 2220 -0.9999987881673503 -0.9999987881673503 -0.9999987881673503 -0.9999987881673503 0.001100832707421026 1.414213133925488
371 2226 -0.9999991472486177 -0.9999991472486177 -0.9999991472486177 -0.9999991472486177 0.0009234453866766203 1.4142132608799203
372 2232 -0.9999991472486177 -0.9999991472486177 -0.9999991472486177 -0.9999991472486177 0.0009234453866766203 1.4142132608799203
373 2238 -0.999998835880717 -0.999998835880717 -0.999998835880717 -0.999998835880717 0.0010789435957986042 1.4142131507947155
374 2244 -0.999998835880717 -0.999998835880717 -0.999998835880717 -0.999998835880717 0.0010789435957986042 1.4142131507947155
375 2250 -0.9999982759207298 -0.9999982759207298 -0.9999982759207298 -0.9999982759207298 0.001313041990956771 1.414212952818892
376 2256 -0.9999982759207298 -0.9999982759207298 -0.9999982759207298 -0.9999982759207298 0.001313041990956771 1.414212952818892
377 2262 -0.9999980481621702 -0.9999980481621702 -0.9999980481621702 -0.9999980481621702 0.001397081898050748 1.4142128722940441
378 2268 -0.9999980481621702 -0.9999980481621702 -0.9999980481621702 -0.9999980481621702 0.001397081898050748 1.4142128722940441
379 2274 -0.999995446490423 -0.999995446490423 -0.999995446490423 -0.999995446490423 0.00213389539974795 1.4142119524634287
380 2280 -0.999995446490423 -0.999995446490423 -0.999995446490423 -0.999995446490423 0.00213389539974795 1.4142119524634287
381 2286 -0.9999952195447072 -0.9999952195447072 -0.9999952195447072 -0.9999952195447072 0.0021864252314520083 1.4142118722259076
382 2292 -0.9999952195447072 -0.9999952195447072 -0.9999952195447072 -0.9999952195447072 0.0021864252314520083 1.4142118722259076
383 2298 -0.9999944075671504 -0.9999944075671504 -0.9999944075671504 -0.9999944075671504 0.0023648325204568416 1.4142115851481174
384 2304 -0.9999944075671504 -0.9999944075671504 -0.9999944075671504 -0.9999944075671504 0.0023648325204568416 1.4142115851481174
385 2310 -0.9999933973610181 -0.9999933973610181 -0.9999933973610181 -0.9999933973610181 0.0025695600756096702 1.4142112279857695
386 2316 -0.9999933973610181 -0.9999933973610181 -0.9999933973610181 -0.9999933973610181 0.0025695600756096702 1.4142112279857695
387 2322 -0.999991635381377 -0.999991635381377 -0.999991635381377 -0.999991635381377 0.0028921650407556466 1.4142106050307277
388 2328 -0.999991635381377 -0.999991635381377 -0.999991635381377 -0.999991635381377 0.0028921650407556466 1.4142106050307277
389 2334 -0.9999885809252977 -0.9999885809252977 -0.9999885809252977 -0.9999885809252977 0.003379212142230994 1.414209525114754
390 2340 -0.9999885809252977 -0.9999885809252977 -0.9999885809252977 -0.9999885809252977 0.003379212142230994 1.414209525114754
391 2346 -0.9999844465120411 -0.9999844465120411 -0.9999844465120411 -0.9999844465120411 0.003943791064277486 1.4142080633740006
392 2352 -0.9999844465120411 -0.9999844465120411 -0.9999844465120411 -0.9999844465120411 0.003943791064277486 1.4142080633740006
393 2358 -0.9999905324236732 -0.9999905324236732 -0.9999905324236732 -0.9999905324236732 0.0030769426915138263 1.4142102150754225
394 2364 -0.9999905324236732 -0.9999905324236732 -0.9999905324236732 -0.9999905324236732 0.0030769426915138263 1.4142102150754225
395 2370 -0.9999900027963962 -0.9999900027963962 -0.9999900027963962 -0.9999900027963962 0.003161835480198143 1.4142100278234475
396 2376 -0.9999900027963962 -0.9999900027963962 -0.9999900027963962 -0.9999900027963962 0.003161835480198143 1.4142100278234475
397 2382 -0.9999808190816962 -0.9999808190816962 -0.9999808190816962 -0.9999808190816962 0.00437960252806455 1.4142067808781347
398 2388 -0.9999808190816962 -0.9999808190816962 -0.9999808190816962 -0.9999808190816962 0.00437960252806455 1.4142067808781347
399 2394 -0.999988368887777 -0.999988368887777 -0.999988368887777 -0.999988368887777 0.0034104416463135064 1.4142094501479534
400 2400 -0.999988368887777 -0.999988368887777 -0.999988368887777 -0.999988368887777 0.0034104416463135064 1.4142094501479534
401 2406 -0.9999717613984663 -0.9999717613984663 -0.9999717613984663 -0.9999717613984663 0.005314000520663736 1.4142035784845357
402 2412 -0.9999717613984663 -0.9999717613984663 -0.9999717613984663 -0.9999717613984663 0.005314000520663736 1.4142035784845357
403 2418 -0.9999621537238418 -0.9999621537238418 -0.9999621537238418 -0.9999621537238418 0.00615193271730238 1.4142001816305363
404 2424 -0.9999621537238418 -0.9999621537238418 -0.9999621537238418 -0.9999621537238418 0.00615193271730238 1.4142001816305363
405 2430 -0.9999662037009249 -0.9999662037009249 -0.9999662037009249 -0.9999662037009249 0.005813458443575897 1.414201613526489
406 2436 -0.9999662037009249 -0.9999662037009249 -0.9999662037009249 -0.9999662037009249 0.005813458443575897 1.414201613526489
407 2442 -0.9999792282027931 -0.9999792282027931 -0.9999792282027931 -0.9999792282027931 0.004557608715872571 1.4142062184146953
408 2448 -0.9999792282027931 -0.9999792282027931 -0.9999792282027931 -0.9999792282027931 0.004557608715872571 1.4142062184146953
409 2454 -0.9999782125267899 -0.9999782125267899 -0.9999782125267899 -0.9999782125267899 0.004667705347398556 1.4142058593170903
410 2460 -0.9999782125267899 -0.9999782125267899 -0.9999782125267899 -0.9999782125267899 0.004667705347398556 1.4142058593170903
411 2466 -0.999988527578184 -0.999988527578184 -0.999988527578184 -0.999988527578184 0.0033870963694971772 1.414209506253647
412 2472 -0.999988527578184 -0.999988527578184 -0.999988527578184 -0.999988527578184 0.0033870963694971772 1.414209506253647
413 2478 -0.9999925439607191 -0.9999925439607191 -0.9999925439607191 -0.9999925439607191 0.0027305748993340447 1.41421092626267
414 2484 -0.9999925439607191 -0.9999925439607191 -0.9999925439607191 -0.9999925439607191 0.0027305748993340447 1.41421092626267
415 2490 -0.9999768812645098 -0.9999768812645098 -0.9999768812645098 -0.9999768812645098 0.004808194618575865 1.4142053886421553
416 2496 -0.9999768812645098 -0.9999768812645098 -0.9999768812645098 -0.9999768812645098 0.004808194618575865 1.4142053886421553
417 2502 -0.9999837146441604 -0.9999837146441604 -0.9999837146441604 -0.9999837146441604 0.004035511843562013 1.4142078046186
418 2508 -0.9999837146441604 -0.9999837146441604 -0.9999837146441604 -0.9999837146441604 0.004035511843562013 1.4142078046186
419 2514 -0.9999814402571363 -0.9999814402571363 -0.9999814402571363 -0.9999814402571363 0.004308102002457409 1.4142070004978535
420 2520 -0.9999814402571363 -0.9999814402571363 -0.9999814402571363 -0.9999814402571363 0.004308102002457409 1.4142070004978535
421 2526 -0.9999914223362183 -0.9999914223362183 -0.9999914223362183 -0.9999914223362183 0.0029287648901476183 1.41421052970773
422 2532 -0.9999914223362183 -0.9999914223362183 -0.9999914223362183 -0.9999914223362183 0.0029287648901476183 1.41421052970773
423 2538 -0.9999904628010982 -0.9999904628010982 -0.9999904628010982 -0.9999904628010982 0.0030882355645001154 1.4142101904600668
424 2544 -0.9999904628010982 -0.9999904628010982 -0.9999904628010982 -0.9999904628010982 0.0030882355645001154 1.4142101904600668
425 2550 -0.999987987726795 -0.999987987726795 -0.999987987726795 -0.999987987726795 0.0034658726469547073 1.4142093153867976
426 2556 -0.999987987726795 -0.999987987726795 -0.999987987726795 -0.999987987726795 0.0034658726469547073 1.4142093153867976
427 2562 -0.9999809702450825 -0.9999809702450825 -0.9999809702450825 -0.9999809702450825 0.004362310731433129 1.4142068343227177
428 2568 -0.9999809702450825 -0.9999809702450825 -0.9999809702450825 -0.9999809702450825 0.004362310731433129 1.4142068343227177
429 2574 -0.999987165556547 -0.999987165556547 -0.999987165556547 -0.999987165556547 0.003582519149008649 1.414209024704816
430 2580 -0.999987165556547 -0.999987165556547 -0.999987165556547 -0.999987165556547 0.003582519149008649 1.414209024704816
431 2586 -0.9999913121749083 -0.9999913121749083 -0.9999913121749083 -0.9999913121749083 0.00294751167794351 1.4142104907597413
432 2592 -0.9999913121749083 -0.9999913121749083 -0.9999913121749083 -0.9999913121749083 0.00294751167794351 1.4142104907597413
433 2598 -0.9999899433417403 -0.9999899433417403 -0.9999899433417403 -0.9999899433417403 0.003171223464205428 1.4142100068029997
434 2604 -0.9999899433417403 -0.9999899433417403 -0.9999899433417403 -0.9999899433417403 0.003171223464205428 1.4142100068029997
435 2610 -0.99998823333927 -0.99998823333927 -0.99998823333927 -0.99998823333927 0.0034302566565775922 1.4142094022241791
436 2616 -0.99998823333927 -0.99998823333927 -0.99998823333927 -0.99998823333927 0.0034302566565775922 1.4142094022241791
437 2622 -0.9999879600528828 -0.9999879600528828 -0.9999879600528828 -0.9999879600528828 0.0034698626942916942 1.4142093056025629
438 2628 -0.9999879600528828 -0.9999879600528828 -0.9999879600528828 -0.9999879600528828 0.0034698626942916942 1.4142093056025629
439 2634 -0.999995758735076 -0.999995758735076 -0.999995758735076 -0.999995758735076 0.002059433156029617 1.4142120628587058
440 2640 -0.999995758735076 -0.999995758735076 -0.999995758735076 -0.999995758735076 0.002059433156029617 1.4142120628587058
441 2646 -0.9999969385626728 -0.9999969385626728 -0.9999969385626728 -0.9999969385626728 0.001749696352841077 1.4142124799911338
442 2652 -0.9999969385626728 -0.9999969385626728 -0.9999969385626728 -0.9999969385626728 0.001749696352841077 1.4142124799911338
443 2658 -0.9999908628901549 -0.9999908628901549 -0.9999908628901549 -0.9999908628901549 0.003022765264605134 1.4142103319132395
444 2664 -0.9999908628901549 -0.9999908628901549 -0.9999908628901549 -0.9999908628901549 0.003022765264605134 1.4142103319132395
445 2670 -0.9999928576193837 -0.9999928576193837 -0.9999928576193837 -0.9999928576193837 0.0026725232676668587 1.4142110371579568
446 2676 -0.9999928576193837 -0.9999928576193837 -0.9999928576193837 -0.9999928576193837 0.0026725232676668587 1.4142110371579568
447 2682 -0.999996564752692 -0.999996564752692 -0.999996564752692 -0.999996564752692 0.0018534420163436392 1.4142123478292403
448 2688 -0.999996564752692 -0.999996564752692 -0.999996564752692 -0.999996564752692 0.0018534420163436392 1.4142123478292403
449 2694 -0.9999957348487313 -0.9999957348487313 -0.9999957348487313 -0.9999957348487313 0.002065224265976598 1.4142120544135988
450 2700 -0.9999957348487313 -0.9999957348487313 -0.9999957348487313 -0.9999957348487313 0.002065224265976598 1.4142120544135988
451 2706 -0.999996886983851 -0.999996886983851 -0.999996886983851 -0.999996886983851 0.0017643741522681993 1.4142124617552523
452 2712 -0.999996886983851 -0.999996886983851 -0.999996886983851 -0.999996886983851 0.0017643741522681993 1.4142124617552523
453 2718 -0.9999983198707585 -0.9999983198707585 -0.9999983198707585 -0.9999983198707585 0.0012961979946963253 1.4142129683575804
454 2724 -0.9999983198707585 -0.9999983198707585 -0.9999983198707585 -0.9999983198707585 0.0012961979946963253 1.4142129683575804
455 2730 -0.9999983491321507 -0.9999983491321507 -0.9999983491321507 -0.9999983491321507 0.0012848610233885777 1.414212978703049
456 2736 -0.9999983491321507 -0.9999983491321507 -0.9999983491321507 -0.9999983491321507 0.0012848610233885777 1.414212978703049
457 2742 -0.9999978795827722 -0.9999978795827722 -0.9999978795827722 -0.9999978795827722 0.0014561652473847825 1.414212812692196
458 2748 -0.9999978795827722 -0.9999978795827722 -0.9999978795827722 -0.9999978795827722 0.0014561652473847825 1.414212812692196
459 2754 -0.9999994743110384 -0.9999994743110384 -0.9999994743110384 -0.9999994743110384 0.0007250441100567172 1.414213376513968
460 2760 -0.9999994743110384 -0.9999994743110384 -0.9999994743110384 -0.9999994743110384 0.0007250441100567172 1.414213376513968
461 2766 -0.9999994850060557 -0.9999994850060557 -0.9999994850060557 -0.9999994850060557 0.0007176307853629927 1.4142133802952281
462 2772 -0.9999994850060557 -0.9999994850060557 -0.9999994850060557 -0.9999994850060557 0.0007176307853629927 1.4142133802952281
463 2778 -0.9999995200956923 -0.9999995200956923 -0.9999995200956923 -0.9999995200956923 0.0006927512597235027 1.4142133927012897
464 2784 -0.9999995200956923 -0.9999995200956923 -0.9999995200956923 -0.9999995200956923 0.0006927512597235027 1.4142133927012897
465 2790 -0.9999995392647236 -0.9999995392647236 -0.9999995392647236 -0.9999995392647236 0.0006787748349355472 1.4142133994785666
466 2796 -0.9999995392647236 -0.9999995392647236 -0.9999995392647236 -0.9999995392647236 0.0006787748349355472 1.4142133994785666
467 2802 -0.9999997023938747 -0.9999997023938747 -0.9999997023938747 -0.9999997023938747 0.0005455328819086376 1.4142134571534364
468 2808 -0.9999997023938747 -0.9999997023938747 -0.9999997023938747 -0.9999997023938747 0.0005455328819086376 1.4142134571534364
469 2814 -0.9999989859536749 -0.9999989859536749 -0.9999989859536749 -0.9999989859536749 0.0010069986719722353 1.414213203853533
470 2820 -0.9999989859536749 -0.9999989859536749 -0.9999989859536749 -0.9999989859536749 0.0010069986719722353 1.414213203853533
471 2826 -0.9999989018812245 -0.9999989018812245 -0.9999989018812245 -0.9999989018812245 0.0010479116258433432 1.4142131741294255
472 2832 -0.9999989018812245 -0.9999989018812245 -0.9999989018812245 -0.9999989018812245 0.0010479116258433432 1.4142131741294255
473 2838 -0.999998272984448 -0.999998272984448 -0.999998272984448 -0.999998272984448 0.0013141596371868398 1.4142129517807593
474 2844 -0.999998272984448 -0.999998272984448 -0.999998272984448 -0.999998272984448 0.0013141596371868398 1.4142129517807593
475 2850 -0.9999977162727118 -0.9999977162727118 -0.9999977162727118 -0.9999977162727118 0.001511200611452671 1.4142127549533385
476 2856 -0.9999977162727118 -0.9999977162727118 -0.9999977162727118 -0.9999977162727118 0.001511200611452671 1.4142127549533385
477 2862 -0.99999833375812 -0.99999833375812 -0.99999833375812 -0.99999833375812 0.0012908299191366414 1.4142129732675062
478 2868 -0.99999833375812 -0.99999833375812 -0.99999833375812 -0.99999833375812 0.0012908299191366414 1.4142129732675062
479 2874 -0.9999985893264833 -0.9999985893264833 -0.9999985893264833 -0.9999985893264833 0.001187717776428519 1.4142130636246022
480 2880 -0.9999985893264833 -0.9999985893264833 -0.9999985893264833 -0.9999985893264833 0.001187717776428519 1.4142130636246022
481 2886 -0.999999075446673 -0.999999075446673 -0.999999075446673 -0.999999075446673 0.0009615369607547903 1.4142132354940937
482 2892 -0.999999075446673 -0.999999075446673 -0.999999075446673 -0.999999075446673 0.0009615369607547903 1.4142132354940937
483 2898 -0.9999994629505782 -0.9999994629505782 -0.9999994629505782 -0.9999994629505782 0.0007328365587377884 1.4142133724974384
484 2904 -0.9999994629505782 -0.9999994629505782 -0.9999994629505782 -0.9999994629505782 0.0007328365587377884 1.4142133724974384
485 2910 -0.9999998231522395 -0.9999998231522395 -0.9999998231522395 -0.9999998231522395 0.0004205327103702119 1.4142134998479683
486 2916 -0.9999998231522395 -0.9999998231522395 -0.9999998231522395 -0.9999998231522395 0.0004205327103702119 1.4142134998479683
487 2922 -0.9999998050994433 -0.9999998050994433 -0.9999998050994433 -0.9999998050994433 0.0004414754316484669 1.4142134934653408
488 2928 -0.9999998050994433 -0.9999998050994433 -0.9999998050994433 -0.9999998050994433 0.0004414754316484669 1.4142134934653408
489 2934 -0.9999998734657465 -0.9999998734657465 -0.9999998734657465 -0.9999998734657465 0.0003557165354253381 1.41421351763648
490 2940 -0.9999998734657465 -0.9999998734657465 -0.9999998734657465 -0.9999998734657465 0.0003557165354253381 1.41421351763648
491 2946 -0.9999998336535247 -0.9999998336535247 -0.9999998336535247 -0.9999998336535247 0.0004078559489507333 1.4142135035607335
492 2952 -0.9999998336535247 -0.9999998336535247 -0.9999998336535247 -0.9999998336535247 0.0004078559489507333 1.4142135035607335
493 2958 -0.9999998638736497 -0.9999998638736497 -0.9999998638736497 -0.9999998638736497 0.00036895304657988496 1.4142135142451615
494 2964 -0.9999998638736497 -0.9999998638736497 -0.9999998638736497 -0.9999998638736497 0.00036895304657988496 1.4142135142451615
495 2970 -0.999999835403767 -0.999999835403767 -0.999999835403767 -0.999999835403767 0.0004057046128910641 1.4142135041795376
496 2976 -0.999999835403767 -0.999999835403767 -0.999999835403767 -0.999999835403767 0.0004057046128910641 1.4142135041795376
497 2982 -0.9999998482925573 -0.9999998482925573 -0.9999998482925573 -0.9999998482925573 0.0003894963962853913 1.4142135087364134
498 2988 -0.9999998482925573 -0.9999998482925573 -0.9999998482925573 -0.9999998482925573 0.0003894963962853913 1.4142135087364134
499 2994 -0.9999997489955624 -0.9999997489955624 -0.9999997489955624 -0.9999997489955624 0.0005010034308057324 1.4142134736296224
500 3000 -0.9999997489955624 -0.9999997489955624 -0.9999997489955624 -0.9999997489955624 0.0005010034308057324 1.4142134736296224
501 3006 -0.9999998737499571 -0.9999998737499571 -0.9999998737499571 -0.9999998737499571 0.00035531682009502384 1.4142135177369637
502 3012 -0.9999998737499571 -0.9999998737499571 -0.9999998737499571 -0.9999998737499571 0.00035531682009502384 1.4142135177369637
503 3018 -0.999999904643587 -0.999999904643587 -0.999999904643587 -0.999999904643587 0.0003087983369975572 1.4142135286595114
504 3024 -0.999999904643587 -0.999999904643587 -0.999999904643587 -0.999999904643587 0.0003087983369975572 1.4142135286595114
505 3030 -0.9999999263288849 -0.9999999263288849 -0.9999999263288849 -0.9999999263288849 0.0002714242341339804 1.414213536326422
506 3036 -0.9999999263288849 -0.9999999263288849 -0.9999999263288849 -0.9999999263288849 0.0002714242341339804 1.414213536326422
507 3042 -0.9999999003586113 -0.9999999003586113 -0.9999999003586113 -0.9999999003586113 0.00031566024250063453 1.4142135271445437
508 3048 -0.9999999003586113 -0.9999999003586113 -0.9999999003586113 -0.9999999003586113 0.00031566024250063453 1.4142135271445437
509 3054 -0.999999882267306 -0.999999882267306 -0.999999882267306 -0.999999882267306 0.0003431219812810785 1.4142135207483013
510 3060 -0.999999882267306 -0.999999882267306 -0.999999882267306 -0.999999882267306 0.0003431219812810785 1.4142135207483013
511 3066 -0.9999998953381751 -0.9999998953381751 -0.9999998953381751 -0.9999998953381751 0.0003235147985385726 1.4142135253695516
512 3072 -0.9999998953381751 -0.9999998953381751 -0.9999998953381751 -0.9999998953381751 0.0003235147985385726 1.4142135253695516
513 3078 -0.9999999239327176 -0.9999999239327176 -0.9999999239327176 -0.9999999239327176 0.0002758029772334715 1.414213535479249
514 3084 -0.9999999239327176 -0.9999999239327176 -0.9999999239327176 -0.9999999239327176 0.0002758029772334715 1.414213535479249
515 3090 -0.9999998612675177 -0.9999998612675177 -0.9999998612675177 -0.9999998612675177 0.00037246809550468975 1.4142135133237546
516 3096 -0.9999998612675177 -0.9999998612675177 -0.9999998612675177 -0.9999998612675177 0.00037246809550468975 1.4142135133237546
517 3102 -0.9999998674127953 -0.9999998674127953 -0.9999998674127953 -0.9999998674127953 0.00036412525965018907 1.4142135154964384
518 3108 -0.9999998674127953 -0.9999998674127953 -0.9999998674127953 -0.9999998674127953 0.00036412525965018907 1.4142135154964384
519 3114 -0.9999998862628758 -0.9999998862628758 -0.9999998862628758 -0.9999998862628758 0.000337249350047976 1.4142135221609486
520 3120 -0.9999998862628758 -0.9999998862628758 -0.9999998862628758 -0.9999998862628758 0.000337249350047976 1.4142135221609486
521 3126 -0.9999999321588329 -0.9999999321588329 -0.9999999321588329 -0.9999999321588329 0.0002604633700320165 1.4142135383876202
522 3132 -0.9999999321588329 -0.9999999321588329 -0.9999999321588329 -0.9999999321588329 0.0002604633700320165 1.4142135383876202
523 3138 -0.9999999313638693 -0.9999999313638693 -0.9999999313638693 -0.9999999313638693 0.0002619849816542259 1.4142135381065581
524 3144 -0.9999999313638693 -0.9999999313638693 -0.9999999313638693 -0.9999999313638693 0.0002619849816542259 1.4142135381065581
525 3150 -0.9999999137405176 -0.9999999137405176 -0.9999999137405176 -0.9999999137405176 0.0002936996468448767 1.4142135318757623
526 3156 -0.9999999137405176 -0.9999999137405176 -0.9999999137405176 -0.9999999137405176 0.0002936996468448767 1.4142135318757623
527 3162 -0.9999999487932354 -0.9999999487932354 -0.9999999487932354 -0.9999999487932354 0.00022628911680481662 1.4142135442687698
528 3168 -0.9999999487932354 -0.9999999487932354 -0.9999999487932354 -0.9999999487932354 0.00022628911680481662 1.4142135442687698
529 3174 -0.9999999650426736 -0.9999999650426736 -0.9999999650426736 -0.9999999650426736 0.00018696878432354543 1.4142135500138138
530 3180 -0.9999999650426736 -0.9999999650426736 -0.9999999650426736 -0.9999999650426736 0.00018696878432354543 1.4142135500138138
531 3186 -0.9999999624881379 -0.9999999624881379 -0.9999999624881379 -0.9999999624881379 0.00019367979274187305 1.414213549110649
532 3192 -0.9999999624881379 -0.9999999624881379 -0.9999999624881379 -0.9999999624881379 0.00019367979274187305 1.414213549110649
533 3198 -0.9999999620877251 -0.9999999620877251 -0.9999999620877251 -0.9999999620877251 0.00019471074640095792 1.4142135489690817
534 3204 -0.9999999620877251 -0.9999999620877251 -0.9999999620877251 -0.9999999620877251 0.00019471074640095792 1.4142135489690817
535 3210 -0.9999999763534161 -0.9999999763534161 -0.9999999763534161 -0.9999999763534161 0.00015377445739345142 1.4142135540127652
536 3216 -0.9999999763534161 -0.9999999763534161 -0.9999999763534161 -0.9999999763534161 0.00015377445739345142 1.4142135540127652
537 3222 -0.9999999747864937 -0.9999999747864937 -0.9999999747864937 -0.9999999747864937 0.00015878761375755156 1.4142135534587743
538 3228 -0.9999999747864937 -0.9999999747864937 -0.9999999747864937 -0.9999999747864937 0.00015878761375755156 1.4142135534587743
539 3234 -0.9999999704957528 -0.9999999704957528 -0.9999999704957528 -0.9999999704957528 0.00017176800452521884 1.4142135519417685
540 3240 -0.9999999704957528 -0.9999999704957528 -0.9999999704957528 -0.9999999704957528 0.00017176800452521884 1.4142135519417685
541 3246 -0.9999999736964008 -0.9999999736964008 -0.9999999736964008 -0.9999999736964008 0.00016218384396468223 1.4142135530733684
542 3252 -0.9999999736964008 -0.9999999736964008 -0.9999999736964008 -0.9999999736964008 0.00016218384396468223 1.4142135530733684
543 3258 -0.9999999510978442 -0.9999999510978442 -0.9999999510978442 -0.9999999510978442 0.00022113831818400032 1.414213545083572
544 3264 -0.9999999510978442 -0.9999999510978442 -0.9999999510978442 -0.9999999510978442 0.00022113831818400032 1.414213545083572
545 3270 -0.9999999714632655 -0.9999999714632655 -0.9999999714632655 -0.9999999714632655 0.00016892819325218736 1.4142135522838357
546 3276 -0.9999999714632655 -0.9999999714632655 -0.9999999714632655 -0.9999999714632655 0.00016892819325218736 1.4142135522838357
547 3282 -0.9999999721637113 -0.9999999721637113 -0.9999999721637113 -0.9999999721637113 0.0001668421073170919 1.4142135525314807
548 3288 -0.9999999721637113 -0.9999999721637113 -0.9999999721637113 -0.9999999721637113 0.0001668421073170919 1.4142135525314807
549 3294 -0.9999999878025928 -0.9999999878025928 -0.9999999878025928 -0.9999999878025928 0.00011044187171922902 1.4142135580606605
550 3300 -0.9999999878025928 -0.9999999878025928 -0.9999999878025928 -0.9999999878025928 0.00011044187171922902 1.4142135580606605
551 3306 -0.9999999915886666 -0.9999999915886666 -0.9999999915886666 -0.9999999915886666 9.171332126001641e-05 1.4142135593992395
552 3312 -0.9999999915886666 -0.9999999915886666 -0.9999999915886666 -0.9999999915886666 9.171332126001641e-05 1.4142135593992395
553 3318 -0.9999999963837497 -0.9999999963837497 -0.9999999963837497 -0.9999999963837497 6.01352676075543e-05 1.4142135610945574
554 3324 -0.9999999963837497 -0.9999999963837497 -0.9999999963837497 -0.9999999963837497 6.01352676075543e-05 1.4142135610945574
555 3330 -0.999999996970637 -0.999999996970637 -0.999999996970637 -0.999999996970637 5.503964817897083e-05 1.4142135613020534
556 3336 -0.999999996970637 -0.999999996970637 -0.999999996970637 -0.999999996970637 5.503964817897083e-05 1.4142135613020534
557 3342 -0.9999999974127958 -0.9999999974127958 -0.9999999974127958 -0.9999999974127958 5.08645664250669e-05 1.4142135614583802
558 3348 -0.9999999974127958 -0.9999999974127958 -0.9999999974127958 -0.9999999974127958 5.08645664250669e-05 1.4142135614583802
559 3354 -0.9999999967797201 -0.9999999967797201 -0.9999999967797201 -0.9999999967797201 5.674750937778323e-05 1.414213561234554
560 3360 -0.9999999967797201 -0.9999999967797201 -0.9999999967797201 -0.9999999967797201 5.674750937778323e-05 1.414213561234554
561 3366 -0.9999999965063209 -0.9999999965063209 -0.9999999965063209 -0.9999999965063209 5.910735159653146e-05 1.414213561137893
562 3372 -0.9999999965063209 -0.9999999965063209 -0.9999999965063209 -0.9999999965063209 5.910735159653146e-05 1.414213561137893
563 3378 -0.9999999891851327 -0.9999999891851327 -0.9999999891851327 -0.9999999891851327 0.00010399455408576018 1.414213558549462
564 3384 -0.9999999891851327 -0.9999999891851327 -0.9999999891851327 -0.9999999891851327 0.00010399455408576018 1.414213558549462
565 3390 -0.9999999884741775 -0.9999999884741775 -0.9999999884741775 -0.9999999884741775 0.00010735838277511237 1.4142135582981015
566 3396 -0.9999999884741775 -0.9999999884741775 -0.9999999884741775 -0.9999999884741775 0.00010735838277511237 1.4142135582981015
567 3402 -0.9999999900285134 -0.9999999900285134 -0.9999999900285134 -0.9999999900285134 9.985733085443978e-05 1.414213558847642
568 3408 -0.9999999900285134 -0.9999999900285134 -0.9999999900285134 -0.9999999900285134 9.985733085443978e-05 1.414213558847642
569 3414 -0.9999999934859414 -0.9999999934859414 -0.9999999934859414 -0.9999999934859414 8.070971759842258e-05 1.4142135600700276
570 3420 -0.9999999934859414 -0.9999999934859414 -0.9999999934859414 -0.9999999934859414 8.070971759842258e-05 1.4142135600700276
571 3426 -0.9999999918821747 -0.9999999918821747 -0.9999999918821747 -0.9999999918821747 9.009897533473126e-05 1.4142135595030103
572 3432 -0.9999999918821747 -0.9999999918821747 -0.9999999918821747 -0.9999999918821747 9.009897533473126e-05 1.4142135595030103
573 3438 -0.9999999956453893 -0.9999999956453893 -0.9999999956453893 -0.9999999956453893 6.598947226647648e-05 1.4142135608335076
574 3444 -0.9999999956453893 -0.9999999956453893 -0.9999999956453893 -0.9999999956453893 6.598947226647648e-05 1.4142135608335076
575 3450 -0.9999999981726575 -0.9999999981726575 -0.9999999981726575 -0.9999999981726575 4.274742941491495e-05 1.414213561727032
576 3456 -0.9999999981726575 -0.9999999981726575 -0.9999999981726575 -0.9999999981726575 4.274742941491495e-05 1.414213561727032
577 3462 -0.9999999983414596 -0.9999999983414596 -0.9999999983414596 -0.9999999983414596 4.072518023402642e-05 1.4142135617867124
578 3468 -0.9999999983414596 -0.9999999983414596 -0.9999999983414596 -0.9999999983414596 4.072518023402642e-05 1.4142135617867124
579 3474 -0.9999999948710475 -0.9999999948710475 -0.9999999948710475 -0.9999999948710475 7.161670534829957e-05 1.4142135605597366
580 3480 -0.9999999948710475 -0.9999999948710475 -0.9999999948710475 -0.9999999948710475 7.161670534829957e-05 1.4142135605597366
581 3486 -0.9999999972127886 -0.9999999972127886 -0.9999999972127886 -0.9999999972127886 5.2794045493648944e-05 1.414213561387667
582 3492 -0.9999999972127886 -0.9999999972127886 -0.9999999972127886 -0.9999999972127886 5.2794045493648944e-05 1.414213561387667
583 3498 -0.9999999940422939 -0.9999999940422939 -0.9999999940422939 -0.9999999940422939 7.718617928595361e-05 1.4142135602667278
584 3504 -0.9999999940422939 -0.9999999940422939 -0.9999999940422939 -0.9999999940422939 7.718617928595361e-05 1.4142135602667278
585 3510 -0.9999999988487146 -0.9999999988487146 -0.9999999988487146 -0.9999999988487146 3.3930596816841216e-05 1.4142135619660543
586 3516 -0.9999999988487146 -0.9999999988487146 -0.9999999988487146 -0.9999999988487146 3.3930596816841216e-05 1.4142135619660543
587 3522 -0.9999999990779842 -0.9999999990779842 -0.9999999990779842 -0.9999999990779842 3.0364711196096504e-05 1.4142135620471132
588 3528 -0.9999999990779842 -0.9999999990779842 -0.9999999990779842 -0.9999999990779842 3.0364711196096504e-05 1.4142135620471132
589 3534 -0.9999999996369828 -0.9999999996369828 -0.9999999996369828 -0.9999999996369828 1.90530095228616e-05 1.4142135622447491
590 3540 -0.9999999996369828 -0.9999999996369828 -0.9999999996369828 -0.9999999996369828 1.90530095228616e-05 1.4142135622447491
591 3546 -0.9999999997743242 -0.9999999997743242 -0.9999999997743242 -0.9999999997743242 1.502251015548576e-05 1.4142135622933065
592 3552 -0.9999999997743242 -0.9999999997743242 -0.9999999997743242 -0.9999999997743242 1.502251015548576e-05 1.4142135622933065
593 3558 -0.9999999999214039 -0.9999999999214039 -0.9999999999214039 -0.9999999999214039 8.865445820972072e-06 1.4142135623453072
594 3564 -0.9999999999214039 -0.9999999999214039 -0.9999999999214039 -0.9999999999214039 8.865445820972072e-06 1.4142135623453072
595 3570 -0.9999999998774608 -0.9999999998774608 -0.9999999998774608 -0.9999999998774608 1.1069752619325765e-05 1.414213562329771
596 3576 -0.9999999998774608 -0.9999999998774608 -0.9999999998774608 -0.9999999998774608 1.1069752619325765e-05 1.414213562329771
597 3582 -0.9999999999031807 -0.9999999999031807 -0.9999999999031807 -0.9999999999031807 9.839670130963923e-06 1.4142135623388643
598 3588 -0.9999999999031807 -0.9999999999031807 -0.9999999999031807 -0.9999999999031807 9.839670130963923e-06 1.4142135623388643
599 3594 -0.9999999999210587 -0.9999999999210587 -0.9999999999210587 -0.9999999999210587 8.884897802746501e-06 1.414213562345185
600 3600 -0.9999999999210587 -0.9999999999210587 -0.9999999999210587 -0.9999999999210587 8.884897802746501e-06 1.414213562345185
601 3606 -0.9999999999602456 -0.9999999999602456 -0.9999999999602456 -0.9999999999602456 6.3051107822597184e-06 1.4142135623590397
602 3612 -0.9999999999602456 -0.9999999999602456 -0.9999999999602456 -0.9999999999602456 6.3051107822597184e-06 1.4142135623590397
603 3618 -0.9999999999651652 -0.9999999999651652 -0.9999999999651652 -0.9999999999651652 5.902092060239852e-06 1.414213562360779
604 3624 -0.9999999999651652 -0.9999999999651652 -0.9999999999651652 -0.9999999999651652 5.902092060239852e-06 1.414213562360779
605 3630 -0.9999999999853678 -0.9999999999853678 -0.9999999999853678 -0.9999999999853678 3.82520383156862e-06 1.4142135623679217
605 3630 -0.9999999999853678 -0.9999999999853678 -0.9999999999853678 -0.9999999999853678 3.82520383156862e-06 1.4142135623679217
