% # columns="iteration, evaluation, min 25%tile 75%tile max correlation, correlation matrix principal axes lengths  (sorted square roots of eigenvalues of correlation matrix)", seed=448579, Wed May 20 15:09:51 2026
1 6 -0.09003653558300892 -0.09003653558300892 -0.09003653558300892 -0.09003653558300892 0.9539200513758954 1.0440481481153103
2 12 -0.3199704441807792 -0.3199704441807792 -0.3199704441807792 -0.3199704441807792 0.9539200513758954 1.0440481481153103
3 18 -0.18908429155812043 -0.18908429155812043 -0.18908429155812043 -0.18908429155812043 0.9005085832138858 1.0904514164134598
4 24 -0.29694160530723096 -0.29694160530723096 -0.29694160530723096 -0.29694160530723096 0.9005085832138858 1.0904514164134598
5 30 -0.24298542681096286 -0.24298542681096286 -0.24298542681096286 -0.24298542681096286 0.8700658441687256 1.1148925629005526
6 36 -0.28386089981451557 -0.28386089981451557 -0.28386089981451557 -0.28386089981451557 0.8700658441687256 1.1148925629005526
7 42 0.0697371226578416 0.0697371226578416 0.0697371226578416 0.0697371226578416 0.9645013620219302 1.0342809689140768
8 48 0.22124377556240576 0.22124377556240576 0.22124377556240576 0.22124377556240576 0.9645013620219302 1.0342809689140768
9 54 0.5623474680329433 0.5623474680329433 0.5623474680329433 0.5623474680329433 0.6615531210470228 1.2499389857240806
10 60 0.4841063197262661 0.4841063197262661 0.4841063197262661 0.4841063197262661 0.6615531210470228 1.2499389857240806
11 66 0.4919423251021487 0.4919423251021487 0.4919423251021487 0.4919423251021487 0.7127816460164021 1.2214509098208364
12 72 0.5932426171901789 0.5932426171901789 0.5932426171901789 0.5932426171901789 0.7127816460164021 1.2214509098208364
13 78 0.28189927821036137 0.28189927821036137 0.28189927821036137 0.28189927821036137 0.8474082379760293 1.1322099090762108
14 84 0.3959775555550134 0.3959775555550134 0.3959775555550134 0.3959775555550134 0.8474082379760293 1.1322099090762108
15 90 0.18010221095423412 0.18010221095423412 0.18010221095423412 0.18010221095423412 0.9054820754966747 1.0863250945063518
16 96 0.4276359048318314 0.4276359048318314 0.4276359048318314 0.4276359048318314 0.9054820754966747 1.0863250945063518
17 102 0.5595602695688845 0.5595602695688845 0.5595602695688845 0.5595602695688845 0.663656334582226 1.2488235542176822
18 108 0.7336005481994007 0.7336005481994007 0.7336005481994007 0.7336005481994007 0.663656334582226 1.2488235542176822
19 114 0.7984356662390124 0.7984356662390124 0.7984356662390124 0.7984356662390124 0.44895916714216644 1.3410576670072816
20 120 0.9151038863997003 0.9151038863997003 0.9151038863997003 0.9151038863997003 0.44895916714216644 1.3410576670072816
21 126 0.9692525698346373 0.9692525698346373 0.9692525698346373 0.9692525698346373 0.17534945156846915 1.4033005985299933
22 132 0.9650150492990133 0.9650150492990133 0.9650150492990133 0.9650150492990133 0.17534945156846915 1.4033005985299933
23 138 0.9703254987055785 0.9703254987055785 0.9703254987055785 0.9703254987055785 0.17226288426245978 1.4036828340852425
24 144 0.9681132322620133 0.9681132322620133 0.9681132322620133 0.9681132322620133 0.17226288426245978 1.4036828340852425
25 150 0.9577669382512976 0.9577669382512976 0.9577669382512976 0.9577669382512976 0.20550684112384773 1.3992022506597455
26 156 0.9665904415250499 0.9665904415250499 0.9665904415250499 0.9665904415250499 0.20550684112384773 1.3992022506597455
27 162 0.972158465739959 0.972158465739959 0.972158465739959 0.972158465739959 0.1668578264872253 1.4043355958388148
28 168 0.9682335908629117 0.9682335908629117 0.9682335908629117 0.9682335908629117 0.1668578264872253 1.4043355958388148
29 174 0.9711586544734234 0.9711586544734234 0.9711586544734234 0.9711586544734234 0.16982739922220041 1.4039795776553958
30 180 0.9486376715425257 0.9486376715425257 0.9486376715425257 0.9486376715425257 0.16982739922220041 1.4039795776553958
31 186 0.9544382560920477 0.9544382560920477 0.9544382560920477 0.9544382560920477 0.21345197096291274 1.3980122517675042
32 192 0.965858760790484 0.965858760790484 0.965858760790484 0.965858760790484 0.21345197096291274 1.3980122517675042
33 198 0.9773106021535849 0.9773106021535849 0.9773106021535849 0.9773106021535849 0.15063000314152333 1.4061687673083858
34 204 0.9747074450610576 0.9747074450610576 0.9747074450610576 0.9747074450610576 0.15063000314152333 1.4061687673083858
35 210 0.9599990079611366 0.9599990079611366 0.9599990079611366 0.9599990079611366 0.20000248008178223 1.3999996457003612
36 216 0.9708890877808716 0.9708890877808716 0.9708890877808716 0.9708890877808716 0.20000248008178223 1.3999996457003612
37 222 0.9824321697307674 0.9824321697307674 0.9824321697307674 0.9824321697307674 0.13254369192546483 1.4079886965919746
38 228 0.9826340306062635 0.9826340306062635 0.9826340306062635 0.9826340306062635 0.13254369192546483 1.4079886965919746
39 234 0.9890297077109059 0.9890297077109059 0.9890297077109059 0.9890297077109059 0.10473916311052883 1.4103296450514347
40 240 0.9861806270601237 0.9861806270601237 0.9861806270601237 0.9861806270601237 0.10473916311052883 1.4103296450514347
41 246 0.9747651003342528 0.9747651003342528 0.9747651003342528 0.9747651003342528 0.15885496424646983 1.4052633562198413
42 252 0.9721771947213439 0.9721771947213439 0.9721771947213439 0.9721771947213439 0.15885496424646983 1.4052633562198413
43 258 0.9756287525473092 0.9756287525473092 0.9756287525473092 0.9756287525473092 0.1561129317279344 1.405570614571644
44 264 0.9751636338923653 0.9751636338923653 0.9751636338923653 0.9751636338923653 0.1561129317279344 1.405570614571644
45 270 0.9833121804446315 0.9833121804446315 0.9833121804446315 0.9833121804446315 0.12918134368154122 1.4083011682323605
46 276 0.9848051619790432 0.9848051619790432 0.9848051619790432 0.9848051619790432 0.12918134368154122 1.4083011682323605
47 282 0.9877045864570662 0.9877045864570662 0.9877045864570662 0.9877045864570662 0.11088468579084262 1.4098597754589164
48 288 0.9886942309662864 0.9886942309662864 0.9886942309662864 0.9886942309662864 0.11088468579084262 1.4098597754589164
49 294 0.9934744908812618 0.9934744908812618 0.9934744908812618 0.9934744908812618 0.08078062341142284 1.4119045615342638
50 300 0.9951669615044962 0.9951669615044962 0.9951669615044962 0.9951669615044962 0.08078062341142284 1.4119045615342638
51 306 0.9954553521514907 0.9954553521514907 0.9954553521514907 0.9954553521514907 0.06741400335619611 1.4126058728999717
52 312 0.9962602331284969 0.9962602331284969 0.9962602331284969 0.9962602331284969 0.06741400335619611 1.4126058728999717
53 318 0.9952698495355438 0.9952698495355438 0.9952698495355438 0.9952698495355438 0.06877608933674766 1.41254021165259
54 324 0.9964440271696986 0.9964440271696986 0.9964440271696986 0.9964440271696986 0.06877608933674766 1.41254021165259
55 330 0.9970570592904545 0.9970570592904545 0.9970570592904545 0.9970570592904545 0.054248877495717565 1.4131726926637291
56 336 0.9982360225095498 0.9982360225095498 0.9982360225095498 0.9982360225095498 0.054248877495717565 1.4131726926637291
57 342 0.9985901552083459 0.9985901552083459 0.9985901552083459 0.9985901552083459 0.037547899963298915 1.4137150190927257
58 348 0.9988113532170645 0.9988113532170645 0.9988113532170645 0.9988113532170645 0.037547899963298915 1.4137150190927257
59 354 0.9987482636288114 0.9987482636288114 0.9987482636288114 0.9987482636288114 0.03537988653442054 1.413770937467881
60 360 0.9983740644100384 0.9983740644100384 0.9983740644100384 0.9983740644100384 0.03537988653442054 1.413770937467881
61 366 0.9981024052157416 0.9981024052157416 0.9981024052157416 0.9981024052157416 0.04356139098167722 1.4135425020903127
62 372 0.9974162093683465 0.9974162093683465 0.9974162093683465 0.9974162093683465 0.04356139098167722 1.4135425020903127
63 378 0.9977432080019952 0.9977432080019952 0.9977432080019952 0.9977432080019952 0.04750570489956494 1.41341544069746
64 384 0.997979808808125 0.997979808808125 0.997979808808125 0.997979808808125 0.04750570489956494 1.41341544069746
65 390 0.9986633119993674 0.9986633119993674 0.9986633119993674 0.9986633119993674 0.036560743983578156 1.4137408928086388
66 396 0.9982793652116806 0.9982793652116806 0.9982793652116806 0.9982793652116806 0.036560743983578156 1.4137408928086388
67 402 0.9985694160164618 0.9985694160164618 0.9985694160164618 0.9985694160164618 0.03782306153047683 1.4137076840763305
68 408 0.9978667948492209 0.9978667948492209 0.9978667948492209 0.9978667948492209 0.03782306153047683 1.4137076840763305
69 414 0.9968437226857614 0.9968437226857614 0.9968437226857614 0.9968437226857614 0.05618075572861729 1.413097209213068
70 420 0.9969030230919114 0.9969030230919114 0.9969030230919114 0.9969030230919114 0.05618075572861729 1.413097209213068
71 426 0.9975721254481226 0.9975721254481226 0.9975721254481226 0.9975721254481226 0.049273467017019595 1.4133549184292395
72 432 0.9966134990411211 0.9966134990411211 0.9966134990411211 0.9966134990411211 0.049273467017019595 1.4133549184292395
73 438 0.9978983641311894 0.9978983641311894 0.9978983641311894 0.9978983641311894 0.0458436022669523 1.4134703265831898
74 444 0.9989626188802525 0.9989626188802525 0.9989626188802525 0.9989626188802525 0.0458436022669523 1.4134703265831898
75 450 0.9986076473069123 0.9986076473069123 0.9986076473069123 0.9986076473069123 0.03731424249650104 1.4137212056508568
76 456 0.9986647499809139 0.9986647499809139 0.9986647499809139 0.9986647499809139 0.03731424249650104 1.4137212056508568
77 462 0.9992150510067783 0.9992150510067783 0.9992150510067783 0.9992150510067783 0.028016941182463576 1.413936013759738
78 468 0.9993246620185916 0.9993246620185916 0.9993246620185916 0.9993246620185916 0.028016941182463576 1.413936013759738
79 474 0.9995348911444271 0.9995348911444271 0.9995348911444271 0.9995348911444271 0.021566382533307196 1.4140491119987406
80 480 0.9994737700797558 0.9994737700797558 0.9994737700797558 0.9994737700797558 0.021566382533307196 1.4140491119987406
81 486 0.9996560292112723 0.9996560292112723 0.9996560292112723 0.9996560292112723 0.018546449491146966 1.4140919451051521
82 492 0.999462872657068 0.999462872657068 0.999462872657068 0.999462872657068 0.018546449491146966 1.4140919451051521
83 498 0.9993395701249006 0.9993395701249006 0.9993395701249006 0.9993395701249006 0.02569883022822915 1.4139800458722536
84 504 0.9995074282428842 0.9995074282428842 0.9995074282428842 0.9995074282428842 0.02569883022822915 1.4139800458722536
85 510 0.9996189377024441 0.9996189377024441 0.9996189377024441 0.9996189377024441 0.019520817030953583 1.414078830087787
86 516 0.9995374132111363 0.9995374132111363 0.9995374132111363 0.9995374132111363 0.019520817030953583 1.414078830087787
87 522 0.9996262984730415 0.9996262984730415 0.9996262984730415 0.9996262984730415 0.01933136122880621 1.4140814327587508
88 528 0.9996058070359659 0.9996058070359659 0.9996058070359659 0.9996058070359659 0.01933136122880621 1.4140814327587508
89 534 0.9996754278498723 0.9996754278498723 0.9996754278498723 0.9996754278498723 0.018015886048916508 1.4140988041328202
90 540 0.9998630941825295 0.9998630941825295 0.9998630941825295 0.9998630941825295 0.018015886048916508 1.4140988041328202
91 546 0.999852131628471 0.999852131628471 0.999852131628471 0.999852131628471 0.012160113960363414 1.4141612820426357
92 552 0.9998070680508584 0.9998070680508584 0.9998070680508584 0.9998070680508584 0.012160113960363414 1.4141612820426357
93 558 0.9997076953896521 0.9997076953896521 0.9997076953896521 0.9997076953896521 0.017096918153505978 1.4141102133107066
94 564 0.9997475874365531 0.9997475874365531 0.9997475874365531 0.9997475874365531 0.017096918153505978 1.4141102133107066
95 570 0.9996268274450336 0.9996268274450336 0.9996268274450336 0.9996268274450336 0.019317674678040454 1.4140816197960548
96 576 0.9995840151189629 0.9995840151189629 0.9995840151189629 0.9995840151189629 0.019317674678040454 1.4140816197960548
97 582 0.9996598358173389 0.9996598358173389 0.9996598358173389 0.9996598358173389 0.018443540404731777 1.41409329105874
98 588 0.9997710660176912 0.9997710660176912 0.9997710660176912 0.9997710660176912 0.018443540404731777 1.41409329105874
99 594 0.9997012796930898 0.9997012796930898 0.9997012796930898 0.9997012796930898 0.017283527039066375 1.4141079448518383
100 600 0.9993560758196126 0.9993560758196126 0.9993560758196126 0.9993560758196126 0.017283527039066375 1.4141079448518383
101 606 0.999478771728495 0.999478771728495 0.999478771728495 0.999478771728495 0.022830424251538722 1.4140292683422417
102 612 0.9993063747147302 0.9993063747147302 0.9993063747147302 0.9993063747147302 0.022830424251538722 1.4140292683422417
103 618 0.9991662728194958 0.9991662728194958 0.9991662728194958 0.9991662728194958 0.02887433428676863 1.4139187645757785
104 624 0.9992479892924663 0.9992479892924663 0.9992479892924663 0.9992479892924663 0.02887433428676863 1.4139187645757785
105 630 0.9989950670653609 0.9989950670653609 0.9989950670653609 0.9989950670653609 0.03170067719527704 1.413858220284255
106 636 0.9989445341032813 0.9989445341032813 0.9989445341032813 0.9989445341032813 0.03170067719527704 1.413858220284255
107 642 0.9990667794105398 0.9990667794105398 0.9990667794105398 0.9990667794105398 0.030548659372553008 1.4138835805718022
108 648 0.9992471805739492 0.9992471805739492 0.9992471805739492 0.9992471805739492 0.030548659372553008 1.4138835805718022
109 654 0.9991329676143369 0.9991329676143369 0.9991329676143369 0.9991329676143369 0.029445413660928815 1.4139069869034302
110 660 0.9989843370325767 0.9989843370325767 0.9989843370325767 0.9989843370325767 0.029445413660928815 1.4139069869034302
111 666 0.9992988953600909 0.9992988953600909 0.9992988953600909 0.9992988953600909 0.026478380613418905 1.413965662723141
112 672 0.999601148147758 0.999601148147758 0.999601148147758 0.999601148147758 0.026478380613418905 1.413965662723141
113 678 0.9995553821712413 0.9995553821712413 0.9995553821712413 0.9995553821712413 0.02108596283689138 1.414056357494722
114 684 0.9995272457257862 0.9995272457257862 0.9995272457257862 0.9995272457257862 0.02108596283689138 1.414056357494722
115 690 0.9995691722242263 0.9995691722242263 0.9995691722242263 0.9995691722242263 0.020756391203045305 1.4140612335483305
116 696 0.999611992096242 0.999611992096242 0.999611992096242 0.999611992096242 0.020756391203045305 1.4140612335483305
117 702 0.9996619856421844 0.9996619856421844 0.9996619856421844 0.9996619856421844 0.018385166787813458 1.4140940512010454
118 708 0.9996121901173376 0.9996121901173376 0.9996121901173376 0.9996121901173376 0.018385166787813458 1.4140940512010454
119 714 0.9995076966008697 0.9995076966008697 0.9995076966008697 0.9995076966008697 0.02218791110335587 1.414039496124797
120 720 0.9995777809199429 0.9995777809199429 0.9995777809199429 0.9995777809199429 0.02218791110335587 1.414039496124797
121 726 0.999630663810899 0.999630663810899 0.999630663810899 0.999630663810899 0.019218121372833376 1.41408297628212
122 732 0.9995970383147642 0.9995970383147642 0.9995970383147642 0.9995970383147642 0.019218121372833376 1.41408297628212
123 738 0.99983939383626 0.99983939383626 0.99983939383626 0.99983939383626 0.01267304871528667 1.4141567783793492
124 744 0.9997896149350042 0.9997896149350042 0.9997896149350042 0.9997896149350042 0.01267304871528667 1.4141567783793492
125 750 0.9997926922698114 0.9997926922698114 0.9997926922698114 0.9997926922698114 0.014398184961608084 1.4141402661227815
126 756 0.9997644571830555 0.9997644571830555 0.9997644571830555 0.9997644571830555 0.014398184961608084 1.4141402661227815
127 762 0.9997136074120717 0.9997136074120717 0.9997136074120717 0.9997136074120717 0.016923137650218127 1.414112303677495
128 768 0.9997542871770219 0.9997542871770219 0.9997542871770219 0.9997542871770219 0.016923137650218127 1.414112303677495
129 774 0.9998303806819754 0.9998303806819754 0.9998303806819754 0.9998303806819754 0.013023798141268366 1.4141535916165455
130 780 0.9998324445182768 0.9998324445182768 0.9998324445182768 0.9998324445182768 0.013023798141268366 1.4141535916165455
131 786 0.999900240412676 0.999900240412676 0.999900240412676 0.999900240412676 0.009987972132717647 1.4141782915929222
132 792 0.999896911056393 0.999896911056393 0.999896911056393 0.999896911056393 0.009987972132717647 1.4141782915929222
133 798 0.9999106540769453 0.9999106540769453 0.9999106540769453 0.9999106540769453 0.009452297236891154 1.4141819734662668
134 804 0.999908432248931 0.999908432248931 0.999908432248931 0.999908432248931 0.009452297236891154 1.4141819734662668
135 810 0.9998839920400805 0.9998839920400805 0.9998839920400805 0.9998839920400805 0.010770699137916085 1.414172546770754
136 816 0.9998978889437312 0.9998978889437312 0.9998978889437312 0.9998978889437312 0.010770699137916085 1.414172546770754
137 822 0.9998877684724807 0.9998877684724807 0.9998877684724807 0.9998877684724807 0.010593938244077327 1.4141738819793275
138 828 0.9998855622805768 0.9998855622805768 0.9998855622805768 0.9998855622805768 0.010593938244077327 1.4141738819793275
139 834 0.9999061229008733 0.9999061229008733 0.9999061229008733 0.9999061229008733 0.009689019513179976 1.4141803714169112
140 840 0.9999282485777716 0.9999282485777716 0.9999282485777716 0.9999282485777716 0.009689019513179976 1.4141803714169112
141 846 0.9999356533285696 0.9999356533285696 0.9999356533285696 0.9999356533285696 0.00802163770251463 1.4141908122062488
142 852 0.9999685144843365 0.9999685144843365 0.9999685144843365 0.9999685144843365 0.00802163770251463 1.4141908122062488
143 858 0.9999731997738109 0.9999731997738109 0.9999731997738109 0.9999731997738109 0.005176893488291649 1.4142040870305146
144 864 0.9999713803973086 0.9999713803973086 0.9999713803973086 0.9999713803973086 0.005176893488291649 1.4142040870305146
145 870 0.9999763674029878 0.9999763674029878 0.9999763674029878 0.9999763674029878 0.004861336957268245 1.4142052069636102
146 876 0.9999822430356393 0.9999822430356393 0.9999822430356393 0.9999822430356393 0.004861336957268245 1.4142052069636102
147 882 0.9999788761518871 0.9999788761518871 0.9999788761518871 0.9999788761518871 0.004596068767198113 1.414206093945252
148 888 0.9999850751197152 0.9999850751197152 0.9999850751197152 0.9999850751197152 0.004596068767198113 1.414206093945252
149 894 0.9999840020801911 0.9999840020801911 0.9999840020801911 0.9999840020801911 0.003999739967672469 1.4142079062429933
150 900 0.9999846989984015 0.9999846989984015 0.9999846989984015 0.9999846989984015 0.003999739967672469 1.4142079062429933
151 906 0.99997115974941 0.99997115974941 0.99997115974941 0.99997115974941 0.0053703119639231965 1.414203365767954
152 912 0.9999624624449747 0.9999624624449747 0.9999624624449747 0.9999624624449747 0.0053703119639231965 1.414203365767954
153 918 0.9999568927277853 0.9999568927277853 0.9999568927277853 0.9999568927277853 0.006565612859052799 1.4141983215687202
154 924 0.9999589497940112 0.9999589497940112 0.9999589497940112 0.9999589497940112 0.006565612859052799 1.4141983215687202
155 930 0.9999732313397054 0.9999732313397054 0.9999732313397054 0.9999732313397054 0.005173843860682127 1.4142040981908182
156 936 0.9999718491613103 0.9999718491613103 0.9999718491613103 0.9999718491613103 0.005173843860682127 1.4142040981908182
157 942 0.9999721490573511 0.9999721490573511 0.9999721490573511 0.9999721490573511 0.005277399231519613 1.4142037155436098
158 948 0.9999558478938414 0.9999558478938414 0.9999558478938414 0.9999558478938414 0.005277399231519613 1.4142037155436098
159 954 0.9999160977447938 0.9999160977447938 0.9999160977447938 0.9999160977447938 0.009159817422094343 1.414183898135173
160 960 0.9999345858604202 0.9999345858604202 0.9999345858604202 0.9999345858604202 0.009159817422094343 1.414183898135173
161 966 0.9999587509028065 0.9999587509028065 0.9999587509028065 0.9999587509028065 0.006422546005557021 1.4141989785397266
162 972 0.999973954350078 0.999973954350078 0.999973954350078 0.999973954350078 0.006422546005557021 1.4141989785397266
163 978 0.9999587151421936 0.9999587151421936 0.9999587151421936 0.9999587151421936 0.00642532939283363 1.4141989658963103
164 984 0.9999686764519533 0.9999686764519533 0.9999686764519533 0.9999686764519533 0.00642532939283363 1.4141989658963103
165 990 0.9999819313172186 0.9999819313172186 0.9999819313172186 0.9999819313172186 0.004250727323827738 1.4142071741146056
166 996 0.9999837985373244 0.9999837985373244 0.9999837985373244 0.9999837985373244 0.004250727323827738 1.4142071741146056
167 1002 0.9999849621331239 0.9999849621331239 0.9999849621331239 0.9999849621331239 0.0038778688574983337 1.4142082456742797
168 1008 0.9999775039370409 0.9999775039370409 0.9999775039370409 0.9999775039370409 0.0038778688574983337 1.4142082456742797
169 1014 0.999978525159503 0.999978525159503 0.999978525159503 0.999978525159503 0.004634095434581014 1.4142059698500438
170 1020 0.9999808347577746 0.9999808347577746 0.9999808347577746 0.9999808347577746 0.004634095434581014 1.4142059698500438
171 1026 0.9999711623124197 0.9999711623124197 0.9999711623124197 0.9999711623124197 0.005370073330995981 1.4142033666741214
172 1032 0.9999688395552373 0.9999688395552373 0.9999688395552373 0.9999688395552373 0.005370073330995981 1.4142033666741214
173 1038 0.9999707227717163 0.9999707227717163 0.9999707227717163 0.9999707227717163 0.00541084358338753 1.4142032112718865
174 1044 0.9999493552994672 0.9999493552994672 0.9999493552994672 0.9999493552994672 0.00541084358338753 1.4142032112718865
175 1050 0.9999381531436004 0.9999381531436004 0.9999381531436004 0.9999381531436004 0.007864277233134296 1.4141916960382706
176 1056 0.99993226792367 0.99993226792367 0.99993226792367 0.99993226792367 0.007864277233134296 1.4141916960382706
177 1062 0.9999269289997964 0.9999269289997964 0.9999269289997964 0.9999269289997964 0.008548157708161159 1.4141877276372457
178 1068 0.9998891025313806 0.9998891025313806 0.9998891025313806 0.9998891025313806 0.008548157708161159 1.4141877276372457
179 1074 0.999904537467844 0.999904537467844 0.999904537467844 0.999904537467844 0.009770492933111233 1.4141798108684214
180 1080 0.9999459560817952 0.9999459560817952 0.9999459560817952 0.9999459560817952 0.009770492933111233 1.4141798108684214
181 1086 0.9999464388547501 0.9999464388547501 0.9999464388547501 0.9999464388547501 0.007318548028792079 1.414194625521802
182 1092 0.9999204553080823 0.9999204553080823 0.9999204553080823 0.9999204553080823 0.007318548028792079 1.414194625521802
183 1098 0.9998977106241421 0.9998977106241421 0.9998977106241421 0.9998977106241421 0.01011382103153294 1.4141773971550182
184 1104 0.9998981202560094 0.9998981202560094 0.9998981202560094 0.9998981202560094 0.01011382103153294 1.4141773971550182
185 1110 0.9999156310604471 0.9999156310604471 0.9999156310604471 0.9999156310604471 0.00918525664056826 1.4141837331338694
186 1116 0.9999096154596695 0.9999096154596695 0.9999096154596695 0.9999096154596695 0.00918525664056826 1.4141837331338694
187 1122 0.9998794242658854 0.9998794242658854 0.9998794242658854 0.9998794242658854 0.010980698252603298 1.414170931770939
188 1128 0.9998144229296657 0.9998144229296657 0.9998144229296657 0.9998144229296657 0.010980698252603298 1.414170931770939
189 1134 0.9998509848854281 0.9998509848854281 0.9998509848854281 0.9998509848854281 0.012207174717014399 1.414160876592698
190 1140 0.9998199265465788 0.9998199265465788 0.9998199265465788 0.9998199265465788 0.012207174717014399 1.414160876592698
191 1146 0.9997828937980348 0.9997828937980348 0.9997828937980348 0.9997828937980348 0.01473452415129441 1.4141368016560614
192 1152 0.9997480445695828 0.9997480445695828 0.9997480445695828 0.9997480445695828 0.01473452415129441 1.4141368016560614
193 1158 0.9997795245432396 0.9997795245432396 0.9997795245432396 0.9997795245432396 0.014848415968059222 1.414135610379443
194 1164 0.9997221803913137 0.9997221803913137 0.9997221803913137 0.9997221803913137 0.014848415968059222 1.414135610379443
195 1170 0.9997078544375806 0.9997078544375806 0.9997078544375806 0.9997078544375806 0.01709226615810233 1.4141102695467496
196 1176 0.9997201403328392 0.9997201403328392 0.9997201403328392 0.9997201403328392 0.01709226615810233 1.4141102695467496
197 1182 0.9998339420675181 0.9998339420675181 0.9998339420675181 0.9998339420675181 0.012886346746926892 1.4141548508093158
198 1188 0.9998451075446091 0.9998451075446091 0.9998451075446091 0.9998451075446091 0.012886346746926892 1.4141548508093158
199 1194 0.9998451422249992 0.9998451422249992 0.9998451422249992 0.9998451422249992 0.01244418639369023 1.4141588108218253
200 1200 0.9998094267204485 0.9998094267204485 0.9998094267204485 0.9998094267204485 0.01244418639369023 1.4141588108218253
201 1206 0.9998406376763435 0.9998406376763435 0.9998406376763435 0.9998406376763435 0.0126238791049603 1.414157218160818
202 1212 0.9998923462450444 0.9998923462450444 0.9998923462450444 0.9998923462450444 0.0126238791049603 1.414157218160818
203 1218 0.999832855677955 0.999832855677955 0.999832855677955 0.999832855677955 0.012928430764980672 1.4141544666966035
204 1224 0.9998200673470875 0.9998200673470875 0.9998200673470875 0.9998200673470875 0.012928430764980672 1.4141544666966035
205 1230 0.999759652588222 0.999759652588222 0.999759652588222 0.999759652588222 0.01550314199696225 1.4141285841776277
206 1236 0.9997517426019912 0.9997517426019912 0.9997517426019912 0.9997517426019912 0.01550314199696225 1.4141285841776277
207 1242 0.999740366327432 0.999740366327432 0.999740366327432 0.999740366327432 0.016113152161141335 1.4141217650285396
208 1248 0.9995085593418859 0.9995085593418859 0.9995085593418859 0.9995085593418859 0.016113152161141335 1.4141217650285396
209 1254 0.9994656753235814 0.9994656753235814 0.9994656753235814 0.9994656753235814 0.02311546401045332 1.4140246374528207
210 1260 0.9991252808771407 0.9991252808771407 0.9991252808771407 0.9991252808771407 0.02311546401045332 1.4140246374528207
211 1266 0.9992729481248318 0.9992729481248318 0.9992729481248318 0.9992729481248318 0.026963899480009993 1.413956487352009
212 1272 0.9993325300151287 0.9993325300151287 0.9993325300151287 0.9993325300151287 0.026963899480009993 1.413956487352009
213 1278 0.9990710187829668 0.9990710187829668 0.9990710187829668 0.9990710187829668 0.030479193182126503 1.4138850797653135
214 1284 0.998517747033278 0.998517747033278 0.998517747033278 0.998517747033278 0.030479193182126503 1.4138850797653135
215 1290 0.9977977300869997 0.9977977300869997 0.9977977300869997 0.9977977300869997 0.04692834871376124 1.413434727918838
216 1296 0.9984912728730355 0.9984912728730355 0.9984912728730355 0.9984912728730355 0.04692834871376124 1.413434727918838
217 1302 0.997846995311868 0.997846995311868 0.997846995311868 0.997846995311868 0.04640048155064663 1.4134521552963397
218 1308 0.9958092233891831 0.9958092233891831 0.9958092233891831 0.9958092233891831 0.04640048155064663 1.4134521552963397
219 1314 0.9947231988123904 0.9947231988123904 0.9947231988123904 0.9947231988123904 0.07264159406021826 1.4123466992252256
220 1320 0.9927492258665228 0.9927492258665228 0.9927492258665228 0.9927492258665228 0.07264159406021826 1.4123466992252256
221 1326 0.99367731614975 0.99367731614975 0.99367731614975 0.99367731614975 0.07951530576090492 1.4119763865411312
222 1332 0.9947932332203382 0.9947932332203382 0.9947932332203382 0.9947932332203382 0.07951530576090492 1.4119763865411312
223 1338 0.9960046521702226 0.9960046521702226 0.9960046521702226 0.9960046521702226 0.06320876386844941 1.4128002874328072
224 1344 0.9950107068241395 0.9950107068241395 0.9950107068241395 0.9950107068241395 0.06320876386844941 1.4128002874328072
225 1350 0.9939540930621329 0.9939540930621329 0.9939540930621329 0.9939540930621329 0.07775543027896577 1.4120743936004692
226 1356 0.9950168993735381 0.9950168993735381 0.9950168993735381 0.9950168993735381 0.07775543027896577 1.4120743936004692
227 1362 0.9959947898731341 0.9959947898731341 0.9959947898731341 0.9959947898731341 0.0632867294688696 1.412796797091901
228 1368 0.9963577720179625 0.9963577720179625 0.9963577720179625 0.9963577720179625 0.0632867294688696 1.412796797091901
229 1374 0.9974926075196408 0.9974926075196408 0.9974926075196408 0.9974926075196408 0.05007387023547394 1.4133267872362856
230 1380 0.9976716949761475 0.9976716949761475 0.9976716949761475 0.9976716949761475 0.05007387023547394 1.4133267872362856
231 1386 0.99800031200175 0.99800031200175 0.99800031200175 0.99800031200175 0.04471787112833276 1.4135063890912378
232 1392 0.998362688844013 0.998362688844013 0.998362688844013 0.998362688844013 0.04471787112833276 1.4135063890912378
233 1398 0.9988708574110551 0.9988708574110551 0.9988708574110551 0.9988708574110551 0.03360271698754314 1.4138142938204632
234 1404 0.9991995478403743 0.9991995478403743 0.9991995478403743 0.9991995478403743 0.03360271698754314 1.4138142938204632
235 1410 0.9994076157772539 0.9994076157772539 0.9994076157772539 0.9994076157772539 0.0243389445692744 1.4140041074117338
236 1416 0.9996102260415407 0.9996102260415407 0.9996102260415407 0.9996102260415407 0.0243389445692744 1.4140041074117338
237 1422 0.999483719531527 0.999483719531527 0.999483719531527 0.999483719531527 0.02272180601256977 1.4140310178816895
238 1428 0.999525549946551 0.999525549946551 0.999525549946551 0.999525549946551 0.02272180601256977 1.4140310178816895
239 1434 0.9996145943984185 0.9996145943984185 0.9996145943984185 0.9996145943984185 0.019631749834936065 1.4140772943507787
240 1440 0.9995088349073361 0.9995088349073361 0.9995088349073361 0.9995088349073361 0.019631749834936065 1.4140772943507787
241 1446 0.9992782983253289 0.9992782983253289 0.9992782983253289 0.9992782983253289 0.026864505851986062 1.4139583792761827
242 1452 0.9987985083599151 0.9987985083599151 0.9987985083599151 0.9987985083599151 0.026864505851986062 1.4139583792761827
243 1458 0.99845614365681 0.99845614365681 0.99845614365681 0.99845614365681 0.03929193738147869 1.4136676213512178
244 1464 0.9983431389417939 0.9983431389417939 0.9983431389417939 0.9983431389417939 0.03929193738147869 1.4136676213512178
245 1470 0.9963092585918026 0.9963092585918026 0.9963092585918026 0.9963092585918026 0.06075147247760635 1.4129080856842042
246 1476 0.9976380833668984 0.9976380833668984 0.9976380833668984 0.9976380833668984 0.06075147247760635 1.4129080856842042
247 1482 0.9978597412012399 0.9978597412012399 0.9978597412012399 0.9978597412012399 0.04626293115184191 1.4134566640690616
248 1488 0.9969487491826102 0.9969487491826102 0.9969487491826102 0.9969487491826102 0.04626293115184191 1.4134566640690616
249 1494 0.9982071979303594 0.9982071979303594 0.9982071979303594 0.9982071979303594 0.042341493474377774 1.413579569012781
250 1500 0.9981751970642976 0.9981751970642976 0.9981751970642976 0.9981751970642976 0.042341493474377774 1.413579569012781
251 1506 0.9982435687880273 0.9982435687880273 0.9982435687880273 0.9982435687880273 0.04190979851982904 1.4135924337615944
252 1512 0.9982638044588956 0.9982638044588956 0.9982638044588956 0.9982638044588956 0.04190979851982904 1.4135924337615944
253 1518 0.9990625969184643 0.9990625969184643 0.9990625969184643 0.9990625969184643 0.0306170390719885 1.413882101491657
254 1524 0.9994116202723465 0.9994116202723465 0.9994116202723465 0.9994116202723465 0.0306170390719885 1.413882101491657
255 1530 0.9993863929744388 0.9993863929744388 0.9993863929744388 0.9993863929744388 0.024771092538708014 1.4139966028864563
256 1536 0.9995111605923536 0.9995111605923536 0.9995111605923536 0.9995111605923536 0.024771092538708014 1.4139966028864563
257 1542 0.9996305852381983 0.9996305852381983 0.9996305852381983 0.9996305852381983 0.019220165498814015 1.4140829484999096
258 1548 0.999731202081074 0.999731202081074 0.999731202081074 0.999731202081074 0.019220165498814015 1.4140829484999096
259 1554 0.9997009693339536 0.9997009693339536 0.9997009693339536 0.9997009693339536 0.017292503174681294 1.4141078351151135
260 1560 0.9997684493469917 0.9997684493469917 0.9997684493469917 0.9997684493469917 0.017292503174681294 1.4141078351151135
261 1566 0.9997854885983438 0.9997854885983438 0.9997854885983438 0.9997854885983438 0.014646207756834109 1.4141377191060083
262 1572 0.9997690822334364 0.9997690822334364 0.9997690822334364 0.9997690822334364 0.014646207756834109 1.4141377191060083
263 1578 0.9997853537245136 0.9997853537245136 0.9997853537245136 0.9997853537245136 0.014650811427576169 1.4141376714183502
264 1584 0.9997421786594491 0.9997421786594491 0.9997421786594491 0.9997421786594491 0.014650811427576169 1.4141376714183502
265 1590 0.9998043898850877 0.9998043898850877 0.9998043898850877 0.9998043898850877 0.01398606860102156 1.414144402062635
266 1596 0.9997842950621685 0.9997842950621685 0.9997842950621685 0.9997842950621685 0.01398606860102156 1.414144402062635
267 1602 0.9998676209715444 0.9998676209715444 0.9998676209715444 0.9998676209715444 0.011505608565206516 1.4141667585442477
268 1608 0.9999097136823715 0.9999097136823715 0.9999097136823715 0.9999097136823715 0.011505608565206516 1.4141667585442477
269 1614 0.999925767748165 0.999925767748165 0.999925767748165 0.999925767748165 0.008615814055277407 1.4141873170652342
270 1620 0.9998901580082469 0.9998901580082469 0.9998901580082469 0.9998901580082469 0.008615814055277407 1.4141873170652342
271 1626 0.9998720154064877 0.9998720154064877 0.9998720154064877 0.9998720154064877 0.011313027601495952 1.4141683122621889
272 1632 0.9997516915327435 0.9997516915327435 0.9997516915327435 0.9997516915327435 0.011313027601495952 1.4141683122621889
273 1638 0.9995246755411039 0.9995246755411039 0.9995246755411039 0.9995246755411039 0.021801937044584628 1.4140454998128964
274 1644 0.9993073848956421 0.9993073848956421 0.9993073848956421 0.9993073848956421 0.021801937044584628 1.4140454998128964
275 1650 0.9993597611462741 0.9993597611462741 0.9993597611462741 0.9993597611462741 0.025302941602228228 1.4139871856372228
276 1656 0.9993095962033112 0.9993095962033112 0.9993095962033112 0.9993095962033112 0.025302941602228228 1.4139871856372228
277 1662 0.999737916791971 0.999737916791971 0.999737916791971 0.999737916791971 0.01618898415680161 1.4141208989304879
278 1668 0.999757917712398 0.999757917712398 0.999757917712398 0.999757917712398 0.01618898415680161 1.4141208989304879
279 1674 0.9998461824861244 0.9998461824861244 0.9998461824861244 0.9998461824861244 0.012402318891064879 1.414159178623865
280 1680 0.999853133567618 0.999853133567618 0.999853133567618 0.999853133567618 0.012402318891064879 1.414159178623865
281 1686 0.999881319260118 0.999881319260118 0.999881319260118 0.999881319260118 0.01089406902317975 1.4141716017726131
282 1692 0.9998213427596245 0.9998213427596245 0.9998213427596245 0.9998213427596245 0.01089406902317975 1.4141716017726131
283 1698 0.9998052759860453 0.9998052759860453 0.9998052759860453 0.9998052759860453 0.013954354659202866 1.41414471536192
284 1704 0.9998160344664115 0.9998160344664115 0.9998160344664115 0.9998160344664115 0.013954354659202866 1.41414471536192
285 1710 0.9998803845067575 0.9998803845067575 0.9998803845067575 0.9998803845067575 0.010936886816760553 1.4141712712775485
286 1716 0.9999240493183008 0.9999240493183008 0.9999240493183008 0.9999240493183008 0.010936886816760553 1.4141712712775485
287 1722 0.9999412851786513 0.9999412851786513 0.9999412851786513 0.9999412851786513 0.007662559712560809 1.4141928033965705
288 1728 0.999949572184443 0.999949572184443 0.999949572184443 0.999949572184443 0.007662559712560809 1.4141928033965705
289 1734 0.9999610993207597 0.9999610993207597 0.9999610993207597 0.9999610993207597 0.006237040904173951 1.4141998088391752
290 1740 0.9999645742899224 0.9999645742899224 0.9999645742899224 0.9999645742899224 0.006237040904173951 1.4141998088391752
291 1746 0.9999467912190955 0.9999467912190955 0.9999467912190955 0.9999467912190955 0.007294434927031774 1.4141947501030738
292 1752 0.9999601836676351 0.9999601836676351 0.9999601836676351 0.9999601836676351 0.007294434927031774 1.4141947501030738
293 1758 0.9999694532225367 0.9999694532225367 0.9999694532225367 0.9999694532225367 0.005526913918569802 1.414202762415113
294 1764 0.9999732201490171 0.9999732201490171 0.9999732201490171 0.9999732201490171 0.005526913918569802 1.414202762415113
295 1770 0.9999620638996944 0.9999620638996944 0.9999620638996944 0.9999620638996944 0.006159228872639645 1.4142001498726036
296 1776 0.9999652113331405 0.9999652113331405 0.9999652113331405 0.9999652113331405 0.006159228872639645 1.4142001498726036
297 1782 0.9999561238754179 0.9999561238754179 0.9999561238754179 0.9999561238754179 0.006623905538427433 1.4141980497354032
298 1788 0.9999744719362693 0.9999744719362693 0.9999744719362693 0.9999744719362693 0.006623905538427433 1.4141980497354032
299 1794 0.9999649556911563 0.9999649556911563 0.9999649556911563 0.9999649556911563 0.005919823379435611 1.4142011722846068
300 1800 0.9999569809387026 0.9999569809387026 0.9999569809387026 0.9999569809387026 0.005919823379435611 1.4142011722846068
301 1806 0.999969592803027 0.999969592803027 0.999969592803027 0.999969592803027 0.005514272116336256 1.4142028117646446
302 1812 0.9999813068160849 0.9999813068160849 0.9999813068160849 0.9999813068160849 0.005514272116336256 1.4142028117646446
303 1818 0.9999689611338841 0.9999689611338841 0.9999689611338841 0.9999689611338841 0.005571253549780334 1.414202588434162
304 1824 0.9999710955163374 0.9999710955163374 0.9999710955163374 0.9999710955163374 0.005571253549780334 1.414202588434162
305 1830 0.9999800726684819 0.9999800726684819 0.9999800726684819 0.9999800726684819 0.004464003978282437 1.4142065169799218
306 1836 0.9999873798090898 0.9999873798090898 0.9999873798090898 0.9999873798090898 0.004464003978282437 1.4142065169799218
307 1842 0.9999862057766549 0.9999862057766549 0.9999862057766549 0.9999862057766549 0.003714057531231593 1.4142086853702516
308 1848 0.9999932785837105 0.9999932785837105 0.9999932785837105 0.9999932785837105 0.003714057531231593 1.4142086853702516
309 1854 0.9999909109994017 0.9999909109994017 0.9999909109994017 0.9999909109994017 0.0030147969414825214 1.4142103489224656
310 1860 0.9999926266309627 0.9999926266309627 0.9999926266309627 0.9999926266309627 0.0030147969414825214 1.4142103489224656
311 1866 0.999994936190262 0.999994936190262 0.999994936190262 0.999994936190262 0.0022502910340599755 1.4142117720448597
312 1872 0.999994967355738 0.999994967355738 0.999994967355738 0.999994967355738 0.0022502910340599755 1.4142117720448597
313 1878 0.9999958458335716 0.9999958458335716 0.9999958458335716 0.9999958458335716 0.0020381772318162194 1.4142120936527065
314 1884 0.9999976024304901 0.9999976024304901 0.9999976024304901 0.9999976024304901 0.0020381772318162194 1.4142120936527065
315 1890 0.999997472011231 0.999997472011231 0.999997472011231 0.999997472011231 0.0015899650213088094 1.414212668593812
316 1896 0.9999970246931142 0.9999970246931142 0.9999970246931142 0.9999970246931142 0.0015899650213088094 1.414212668593812
317 1902 0.9999961698437766 0.9999961698437766 0.9999961698437766 0.9999961698437766 0.001957078491872524 1.4142122082077273
318 1908 0.9999952095029926 0.9999952095029926 0.9999952095029926 0.9999952095029926 0.001957078491872524 1.4142122082077273
319 1914 0.9999941321669272 0.9999941321669272 0.9999941321669272 0.9999941321669272 0.002422361053335084 1.414211487779295
320 1920 0.9999946152663257 0.9999946152663257 0.9999946152663257 0.9999946152663257 0.002422361053335084 1.414211487779295
321 1926 0.9999936109209728 0.9999936109209728 0.9999936109209728 0.9999936109209728 0.0025276627597671567 1.4142113034907382
322 1932 0.9999926307806584 0.9999926307806584 0.9999926307806584 0.9999926307806584 0.0025276627597671567 1.4142113034907382
323 1938 0.9999900260081267 0.9999900260081267 0.9999900260081267 0.9999900260081267 0.003158162737005994 1.414210036030054
324 1944 0.9999880399532858 0.9999880399532858 0.9999880399532858 0.9999880399532858 0.003158162737005994 1.414210036030054
325 1950 0.9999915703396871 0.9999915703396871 0.9999915703396871 0.9999915703396871 0.002903387730365414 1.4142105820349695
326 1956 0.9999915700019916 0.9999915700019916 0.9999915700019916 0.9999915700019916 0.002903387730365414 1.4142105820349695
327 1962 0.9999885086091789 0.9999885086091789 0.9999885086091789 0.9999885086091789 0.003389895399748913 1.4142094995470718
328 1968 0.9999914296400824 0.9999914296400824 0.9999914296400824 0.9999914296400824 0.003389895399748913 1.4142094995470718
329 1974 0.9999904144579936 0.9999904144579936 0.9999904144579936 0.9999904144579936 0.003096052649140811 1.4142101733681574
330 1980 0.9999901033729803 0.9999901033729803 0.9999901033729803 0.9999901033729803 0.003096052649140811 1.4142101733681574
331 1986 0.99998337982576 0.99998337982576 0.99998337982576 0.99998337982576 0.004076784791955912 1.4142076862419324
332 1992 0.9999617054660896 0.9999617054660896 0.9999617054660896 0.9999617054660896 0.004076784791955912 1.4142076862419324
333 1998 0.9999843588646613 0.9999843588646613 0.9999843588646613 0.9999843588646613 0.0039548875254235595 1.4142080323858515
334 2004 0.9999629676691069 0.9999629676691069 0.9999629676691069 0.9999629676691069 0.0039548875254235595 1.4142080323858515
335 2010 0.9999615399240989 0.9999615399240989 0.9999615399240989 0.9999615399240989 0.006201618812950103 1.414199964617486
336 2016 0.9999755679320047 0.9999755679320047 0.9999755679320047 0.9999755679320047 0.006201618812950103 1.414199964617486
337 2022 0.9999818134332781 0.9999818134332781 0.9999818134332781 0.9999818134332781 0.004264571106451183 1.4142071324361498
338 2028 0.9999872815737363 0.9999872815737363 0.9999872815737363 0.9999872815737363 0.004264571106451183 1.4142071324361498
339 2034 0.9999924019272866 0.9999924019272866 0.9999924019272866 0.9999924019272866 0.0027564601780987017 1.4142108760461738
340 2040 0.9999929148271091 0.9999929148271091 0.9999929148271091 0.9999929148271091 0.0027564601780987017 1.4142108760461738
341 2046 0.9999916137402992 0.9999916137402992 0.9999916137402992 0.9999916137402992 0.002895903952282133 1.4142105973794352
342 2052 0.9999936029804815 0.9999936029804815 0.9999936029804815 0.9999936029804815 0.002895903952282133 1.4142105973794352
343 2058 0.9999936719214524 0.9999936719214524 0.9999936719214524 0.9999936719214524 0.002515567241752699 1.4142113250576989
344 2064 0.9999920309605947 0.9999920309605947 0.9999920309605947 0.9999920309605947 0.002515567241752699 1.4142113250576989
345 2070 0.9999953597430119 0.9999953597430119 0.9999953597430119 0.9999953597430119 0.0021541255738924945 1.414211921793552
346 2076 0.9999950223071595 0.9999950223071595 0.9999950223071595 0.9999950223071595 0.0021541255738924945 1.414211921793552
347 2082 0.9999954222434985 0.9999954222434985 0.9999954222434985 0.9999954222434985 0.0021395692326651077 1.4142119438908363
348 2088 0.9999969175570051 0.9999969175570051 0.9999969175570051 0.9999969175570051 0.0021395692326651077 1.4142119438908363
349 2094 0.9999944379076507 0.9999944379076507 0.9999944379076507 0.9999944379076507 0.0023584088596453894 1.414211595875119
350 2100 0.9999925077302337 0.9999925077302337 0.9999925077302337 0.9999925077302337 0.0023584088596453894 1.414211595875119
351 2106 0.9999923891991345 0.9999923891991345 0.9999923891991345 0.9999923891991345 0.0027587679977419725 1.414210871546084
352 2112 0.9999862420371015 0.9999862420371015 0.9999862420371015 0.9999862420371015 0.0027587679977419725 1.414210871546084
353 2118 0.9999870270493332 0.9999870270493332 0.9999870270493332 0.9999870270493332 0.003601798254628522 1.4142089757349632
354 2124 0.9999878641615849 0.9999878641615849 0.9999878641615849 0.9999878641615849 0.003601798254628522 1.4142089757349632
355 2130 0.9999946347425215 0.9999946347425215 0.9999946347425215 0.9999946347425215 0.00231630254464985 1.41421166546685
356 2136 0.9999949355078909 0.9999949355078909 0.9999949355078909 0.9999949355078909 0.00231630254464985 1.41421166546685
357 2142 0.9999969763455778 0.9999969763455778 0.9999969763455778 0.9999969763455778 0.0017388658436708183 1.414212493349418
358 2148 0.999996202805134 0.999996202805134 0.999996202805134 0.999996202805134 0.0017388658436708183 1.414212493349418
359 2154 0.9999953535310553 0.9999953535310553 0.9999953535310553 0.9999953535310553 0.002155566965967178 1.4142119195972913
360 2160 0.9999944269304657 0.9999944269304657 0.9999944269304657 0.9999944269304657 0.002155566965967178 1.4142119195972913
361 2166 0.9999972612811131 0.9999972612811131 0.9999972612811131 0.9999972612811131 0.0016549075161158054 1.4142125940894152
362 2172 0.9999976452181814 0.9999976452181814 0.9999976452181814 0.9999976452181814 0.0016549075161158054 1.4142125940894152
363 2178 0.9999981726547238 0.9999981726547238 0.9999981726547238 0.9999981726547238 0.0013517933556270122 1.4142129163088293
364 2184 0.9999978434659956 0.9999978434659956 0.9999978434659956 0.9999978434659956 0.0013517933556270122 1.4142129163088293
365 2190 0.9999987886050312 0.9999987886050312 0.9999987886050312 0.9999987886050312 0.001100633893996697 1.4142131340802315
366 2196 0.9999994214300392 0.9999994214300392 0.9999994214300392 0.9999994214300392 0.001100633893996697 1.4142131340802315
367 2202 0.9999995824530228 0.9999995824530228 0.9999995824530228 0.9999995824530228 0.0006461787502476291 1.4142134147479377
368 2208 0.9999993934307204 0.9999993934307204 0.9999993934307204 0.9999993934307204 0.0006461787502476291 1.4142134147479377
369 2214 0.9999987881673503 0.9999987881673503 0.9999987881673503 0.9999987881673503 0.0011008327073705995 1.414213133925488
370 2220 0.9999983518492839 0.9999983518492839 0.9999983518492839 0.9999983518492839 0.0011008327073705995 1.414213133925488
371 2226 0.9999991472486179 0.9999991472486179 0.9999991472486179 0.9999991472486179 0.0009234453866766203 1.4142132608799205
372 2232 0.9999986601033509 0.9999986601033509 0.9999986601033509 0.9999986601033509 0.0009234453866766203 1.4142132608799205
373 2238 0.9999988358807173 0.9999988358807173 0.9999988358807173 0.9999988358807173 0.0010789435957986042 1.4142131507947158
374 2244 0.999998797933098 0.999998797933098 0.999998797933098 0.999998797933098 0.0010789435957986042 1.4142131507947158
375 2250 0.9999982759207301 0.9999982759207301 0.9999982759207301 0.9999982759207301 0.0013130419909144944 1.414212952818892
376 2256 0.999997296030204 0.999997296030204 0.999997296030204 0.999997296030204 0.0013130419909144944 1.414212952818892
377 2262 0.9999980481621703 0.9999980481621703 0.9999980481621703 0.9999980481621703 0.001397081898030881 1.4142128722940441
378 2268 0.9999963855920602 0.9999963855920602 0.9999963855920602 0.9999963855920602 0.001397081898030881 1.4142128722940441
379 2274 0.999995446490423 0.999995446490423 0.999995446490423 0.999995446490423 0.002133895399721936 1.4142119524634287
380 2280 0.9999951434325325 0.9999951434325325 0.9999951434325325 0.9999951434325325 0.002133895399721936 1.4142119524634287
381 2286 0.9999952195447075 0.9999952195447075 0.9999952195447075 0.9999952195447075 0.0021864252314266193 1.4142118722259078
382 2292 0.9999966212055393 0.9999966212055393 0.9999966212055393 0.9999966212055393 0.0021864252314266193 1.4142118722259078
383 2298 0.9999944075671504 0.9999944075671504 0.9999944075671504 0.9999944075671504 0.0023648325204098943 1.4142115851481172
384 2304 0.9999947730439355 0.9999947730439355 0.9999947730439355 0.9999947730439355 0.0023648325204098943 1.4142115851481172
385 2310 0.9999933973610181 0.9999933973610181 0.9999933973610181 0.9999933973610181 0.0025695600755664635 1.4142112279857695
386 2316 0.9999889339236582 0.9999889339236582 0.9999889339236582 0.9999889339236582 0.0025695600755664635 1.4142112279857695
387 2322 0.9999916353813773 0.9999916353813773 0.9999916353813773 0.9999916353813773 0.0028921650407556466 1.414210605030728
388 2328 0.9999889313951512 0.9999889313951512 0.9999889313951512 0.9999889313951512 0.0028921650407556466 1.414210605030728
389 2334 0.9999885809252976 0.9999885809252976 0.9999885809252976 0.9999885809252976 0.0033792121422392073 1.4142095251147537
390 2340 0.9999875555320229 0.9999875555320229 0.9999875555320229 0.9999875555320229 0.0033792121422392073 1.4142095251147537
391 2346 0.9999844465120412 0.9999844465120412 0.9999844465120412 0.9999844465120412 0.003943791064291562 1.4142080633740006
392 2352 0.9999872456549436 0.9999872456549436 0.9999872456549436 0.9999872456549436 0.003943791064291562 1.4142080633740006
393 2358 0.9999905324236732 0.9999905324236732 0.9999905324236732 0.9999905324236732 0.0030769426915138263 1.4142102150754225
394 2364 0.9999897281495442 0.9999897281495442 0.9999897281495442 0.9999897281495442 0.0030769426915138263 1.4142102150754225
395 2370 0.9999900027963963 0.9999900027963963 0.9999900027963963 0.9999900027963963 0.003161835480206921 1.4142100278234475
396 2376 0.9999838363689176 0.9999838363689176 0.9999838363689176 0.9999838363689176 0.003161835480206921 1.4142100278234475
397 2382 0.9999808190816961 0.9999808190816961 0.9999808190816961 0.9999808190816961 0.0043796025280518755 1.4142067808781347
398 2388 0.9999837539371 0.9999837539371 0.9999837539371 0.9999837539371 0.0043796025280518755 1.4142067808781347
399 2394 0.9999883688877771 0.9999883688877771 0.9999883688877771 0.9999883688877771 0.003410441646305368 1.4142094501479536
400 2400 0.9999780069085419 0.9999780069085419 0.9999780069085419 0.9999780069085419 0.003410441646305368 1.4142094501479536
401 2406 0.9999717613984662 0.9999717613984662 0.9999717613984662 0.9999717613984662 0.005314000520679406 1.4142035784845357
402 2412 0.9999588498093388 0.9999588498093388 0.9999588498093388 0.9999588498093388 0.005314000520679406 1.4142035784845357
403 2418 0.9999621537238418 0.9999621537238418 0.9999621537238418 0.9999621537238418 0.006151932717311404 1.4142001816305363
404 2424 0.9999725532326325 0.9999725532326325 0.9999725532326325 0.9999725532326325 0.006151932717311404 1.4142001816305363
405 2430 0.9999662037009247 0.9999662037009247 0.9999662037009247 0.9999662037009247 0.005813458443566348 1.4142016135264888
406 2436 0.9999764504724253 0.9999764504724253 0.9999764504724253 0.9999764504724253 0.005813458443566348 1.4142016135264888
407 2442 0.9999792282027932 0.9999792282027932 0.9999792282027932 0.9999792282027932 0.004557608715854301 1.4142062184146955
408 2448 0.9999733808420911 0.9999733808420911 0.9999733808420911 0.9999733808420911 0.004557608715854301 1.4142062184146955
409 2454 0.99997821252679 0.99997821252679 0.99997821252679 0.99997821252679 0.004667705347398556 1.4142058593170903
410 2460 0.9999841292608307 0.9999841292608307 0.9999841292608307 0.9999841292608307 0.004667705347398556 1.4142058593170903
411 2466 0.9999885275781839 0.9999885275781839 0.9999885275781839 0.9999885275781839 0.003387096369480788 1.414209506253647
412 2472 0.9999905558010269 0.9999905558010269 0.9999905558010269 0.9999905558010269 0.003387096369480788 1.414209506253647
413 2478 0.999992543960719 0.999992543960719 0.999992543960719 0.999992543960719 0.002730574899364539 1.4142109262626699
414 2484 0.9999911169231753 0.9999911169231753 0.9999911169231753 0.9999911169231753 0.002730574899364539 1.4142109262626699
415 2490 0.9999768812645099 0.9999768812645099 0.9999768812645099 0.9999768812645099 0.00480819461858741 1.4142053886421555
416 2496 0.9999722172212528 0.9999722172212528 0.9999722172212528 0.9999722172212528 0.00480819461858741 1.4142053886421555
417 2502 0.9999837146441605 0.9999837146441605 0.9999837146441605 0.9999837146441605 0.004035511843582647 1.4142078046186002
418 2508 0.9999764445308784 0.9999764445308784 0.9999764445308784 0.9999764445308784 0.004035511843582647 1.4142078046186002
419 2514 0.9999814402571362 0.9999814402571362 0.9999814402571362 0.9999814402571362 0.004308102002470294 1.4142070004978535
420 2520 0.9999872722577745 0.9999872722577745 0.9999872722577745 0.9999872722577745 0.004308102002470294 1.4142070004978535
421 2526 0.9999914223362182 0.9999914223362182 0.9999914223362182 0.9999914223362182 0.0029287648901381415 1.4142105297077299
422 2532 0.9999881851985387 0.9999881851985387 0.9999881851985387 0.9999881851985387 0.0029287648901381415 1.4142105297077299
423 2538 0.9999904628010982 0.9999904628010982 0.9999904628010982 0.9999904628010982 0.0030882355645001154 1.4142101904600668
424 2544 0.9999903778994963 0.9999903778994963 0.9999903778994963 0.9999903778994963 0.0030882355645001154 1.4142101904600668
425 2550 0.9999879877267952 0.9999879877267952 0.9999879877267952 0.9999879877267952 0.0034658726469627157 1.4142093153867978
426 2556 0.9999848166578575 0.9999848166578575 0.9999848166578575 0.9999848166578575 0.0034658726469627157 1.4142093153867978
427 2562 0.9999809702450824 0.9999809702450824 0.9999809702450824 0.9999809702450824 0.004362310731445854 1.4142068343227177
428 2568 0.9999840029554194 0.9999840029554194 0.9999840029554194 0.9999840029554194 0.004362310731445854 1.4142068343227177
429 2574 0.9999871655565471 0.9999871655565471 0.9999871655565471 0.9999871655565471 0.003582519149008649 1.414209024704816
430 2580 0.9999935719158481 0.9999935719158481 0.9999935719158481 0.9999935719158481 0.003582519149008649 1.414209024704816
431 2586 0.9999913121749083 0.9999913121749083 0.9999913121749083 0.9999913121749083 0.00294751167794351 1.4142104907597413
432 2592 0.999982824527054 0.999982824527054 0.999982824527054 0.999982824527054 0.00294751167794351 1.4142104907597413
433 2598 0.9999899433417402 0.9999899433417402 0.9999899433417402 0.9999899433417402 0.0031712234641879233 1.4142100068029995
434 2604 0.9999873535893128 0.9999873535893128 0.9999873535893128 0.9999873535893128 0.0031712234641879233 1.4142100068029995
435 2610 0.99998823333927 0.99998823333927 0.99998823333927 0.99998823333927 0.003430256656593775 1.4142094022241791
436 2616 0.9999884419124118 0.9999884419124118 0.9999884419124118 0.9999884419124118 0.003430256656593775 1.4142094022241791
437 2622 0.9999879600528826 0.9999879600528826 0.9999879600528826 0.9999879600528826 0.0034698626942916942 1.4142093056025626
438 2628 0.9999929369277182 0.9999929369277182 0.9999929369277182 0.9999929369277182 0.0034698626942916942 1.4142093056025626
439 2634 0.999995758735076 0.999995758735076 0.999995758735076 0.999995758735076 0.0020594331560026624 1.4142120628587058
440 2640 0.9999967611941718 0.9999967611941718 0.9999967611941718 0.9999967611941718 0.0020594331560026624 1.4142120628587058
441 2646 0.9999969385626729 0.9999969385626729 0.9999969385626729 0.9999969385626729 0.0017496963528093508 1.4142124799911338
442 2652 0.9999951987201349 0.9999951987201349 0.9999951987201349 0.9999951987201349 0.0017496963528093508 1.4142124799911338
443 2658 0.9999908628901552 0.9999908628901552 0.9999908628901552 0.9999908628901552 0.003022765264623498 1.4142103319132395
444 2664 0.9999906504623881 0.9999906504623881 0.9999906504623881 0.9999906504623881 0.003022765264623498 1.4142103319132395
445 2670 0.9999928576193837 0.9999928576193837 0.9999928576193837 0.9999928576193837 0.0026725232676668587 1.4142110371579568
446 2676 0.9999943489499382 0.9999943489499382 0.9999943489499382 0.9999943489499382 0.0026725232676668587 1.4142110371579568
447 2682 0.9999965647526922 0.9999965647526922 0.9999965647526922 0.9999965647526922 0.001853442016313689 1.4142123478292403
448 2688 0.9999959999804537 0.9999959999804537 0.9999959999804537 0.9999959999804537 0.001853442016313689 1.4142123478292403
449 2694 0.9999957348487315 0.9999957348487315 0.9999957348487315 0.9999957348487315 0.002065224265976598 1.4142120544135988
450 2700 0.9999971521148979 0.9999971521148979 0.9999971521148979 0.9999971521148979 0.002065224265976598 1.4142120544135988
451 2706 0.999996886983851 0.999996886983851 0.999996886983851 0.999996886983851 0.0017643741522052748 1.4142124617552523
452 2712 0.9999970256171861 0.9999970256171861 0.9999970256171861 0.9999970256171861 0.0017643741522052748 1.4142124617552523
453 2718 0.9999983198707583 0.9999983198707583 0.9999983198707583 0.9999983198707583 0.0012961979947391515 1.4142129683575801
454 2724 0.9999984413558941 0.9999984413558941 0.9999984413558941 0.9999984413558941 0.0012961979947391515 1.4142129683575801
455 2730 0.9999983491321505 0.9999983491321505 0.9999983491321505 0.9999983491321505 0.0012848610233669757 1.414212978703049
456 2736 0.9999987784588711 0.9999987784588711 0.9999987784588711 0.9999987784588711 0.0012848610233669757 1.414212978703049
457 2742 0.9999978795827723 0.9999978795827723 0.9999978795827723 0.9999978795827723 0.0014561652474038432 1.414212812692196
458 2748 0.9999990217294603 0.9999990217294603 0.9999990217294603 0.9999990217294603 0.0014561652474038432 1.414212812692196
459 2754 0.9999994743110382 0.9999994743110382 0.9999994743110382 0.9999994743110382 0.0007250441101332797 1.414213376513968
460 2760 0.9999995337712941 0.9999995337712941 0.9999995337712941 0.9999995337712941 0.0007250441101332797 1.414213376513968
461 2766 0.9999994850060556 0.9999994850060556 0.9999994850060556 0.9999994850060556 0.0007176307854016693 1.4142133802952281
462 2772 0.9999995021690744 0.9999995021690744 0.9999995021690744 0.9999995021690744 0.0007176307854016693 1.4142133802952281
463 2778 0.9999995200956925 0.9999995200956925 0.9999995200956925 0.9999995200956925 0.0006927512596433713 1.4142133927012899
464 2784 0.9999996014596337 0.9999996014596337 0.9999996014596337 0.9999996014596337 0.0006927512596433713 1.4142133927012899
465 2790 0.9999995392647235 0.9999995392647235 0.9999995392647235 0.9999995392647235 0.0006787748348128751 1.4142133994785664
466 2796 0.9999995814385094 0.9999995814385094 0.9999995814385094 0.9999995814385094 0.0006787748348128751 1.4142133994785664
467 2802 0.9999997023938744 0.9999997023938744 0.9999997023938744 0.9999997023938744 0.0005455328820612714 1.4142134571534362
468 2808 0.9999995502589717 0.9999995502589717 0.9999995502589717 0.9999995502589717 0.0005455328820612714 1.4142134571534362
469 2814 0.9999989859536748 0.9999989859536748 0.9999989859536748 0.9999989859536748 0.0010069986719446727 1.414213203853533
470 2820 0.9999991500439077 0.9999991500439077 0.9999991500439077 0.9999991500439077 0.0010069986719446727 1.414213203853533
471 2826 0.9999989018812244 0.9999989018812244 0.9999989018812244 0.9999989018812244 0.0010479116258963162 1.4142131741294255
472 2832 0.9999973950653391 0.9999973950653391 0.9999973950653391 0.9999973950653391 0.0010479116258963162 1.4142131741294255
473 2838 0.9999982729844482 0.9999982729844482 0.9999982729844482 0.9999982729844482 0.0013141596371868398 1.4142129517807593
474 2844 0.9999980157442794 0.9999980157442794 0.9999980157442794 0.9999980157442794 0.0013141596371868398 1.4142129517807593
475 2850 0.9999977162727118 0.9999977162727118 0.9999977162727118 0.9999977162727118 0.001511200611452671 1.4142127549533385
476 2856 0.9999983138955324 0.9999983138955324 0.9999983138955324 0.9999983138955324 0.001511200611452671 1.4142127549533385
477 2862 0.9999983337581198 0.9999983337581198 0.9999983337581198 0.9999983337581198 0.0012908299191151393 1.414212973267506
478 2868 0.9999981424251561 0.9999981424251561 0.9999981424251561 0.9999981424251561 0.0012908299191151393 1.414212973267506
479 2874 0.9999985893264834 0.9999985893264834 0.9999985893264834 0.9999985893264834 0.0011877177764986254 1.4142130636246022
480 2880 0.9999989384167676 0.9999989384167676 0.9999989384167676 0.9999989384167676 0.0011877177764986254 1.4142130636246022
481 2886 0.9999990754466729 0.9999990754466729 0.9999990754466729 0.9999990754466729 0.0009615369607836562 1.4142132354940937
482 2892 0.9999992851549377 0.9999992851549377 0.9999992851549377 0.9999992851549377 0.0009615369607836562 1.4142132354940937
483 2898 0.9999994629505782 0.9999994629505782 0.9999994629505782 0.9999994629505782 0.0007328365588135367 1.4142133724974384
484 2904 0.9999997434851794 0.9999997434851794 0.9999997434851794 0.9999997434851794 0.0007328365588135367 1.4142133724974384
485 2910 0.9999998231522395 0.9999998231522395 0.9999998231522395 0.9999998231522395 0.0004205327103702119 1.4142134998479683
486 2916 0.9999998020931845 0.9999998020931845 0.9999998020931845 0.9999998020931845 0.0004205327103702119 1.4142134998479683
487 2922 0.9999998050994435 0.9999998050994435 0.9999998050994435 0.9999998050994435 0.0004414754316484669 1.414213493465341
488 2928 0.9999998794232084 0.9999998794232084 0.9999998794232084 0.9999998794232084 0.0004414754316484669 1.414213493465341
489 2934 0.9999998734657464 0.9999998734657464 0.9999998734657464 0.9999998734657464 0.00035571653534731087 1.4142135176364798
490 2940 0.9999998250340748 0.9999998250340748 0.9999998250340748 0.9999998250340748 0.00035571653534731087 1.4142135176364798
491 2946 0.999999833653525 0.999999833653525 0.999999833653525 0.999999833653525 0.0004078559490187857 1.4142135035607335
492 2952 0.9999998380865265 0.9999998380865265 0.9999998380865265 0.9999998380865265 0.0004078559490187857 1.4142135035607335
493 2958 0.9999998638736496 0.9999998638736496 0.9999998638736496 0.9999998638736496 0.0003689530463542012 1.4142135142451615
494 2964 0.9999998524875903 0.9999998524875903 0.9999998524875903 0.9999998524875903 0.0003689530463542012 1.4142135142451615
495 2970 0.9999998354037672 0.9999998354037672 0.9999998354037672 0.9999998354037672 0.0004057046130278906 1.4142135041795376
496 2976 0.999999880499525 0.999999880499525 0.999999880499525 0.999999880499525 0.0004057046130278906 1.4142135041795376
497 2982 0.9999998482925574 0.9999998482925574 0.9999998482925574 0.9999998482925574 0.000389496396142871 1.4142135087364134
498 2988 0.9999997526607921 0.9999997526607921 0.9999997526607921 0.9999997526607921 0.000389496396142871 1.4142135087364134
499 2994 0.9999997489955622 0.9999997489955622 0.9999997489955622 0.9999997489955622 0.0005010034307503324 1.4142134736296221
500 3000 0.999999752618832 0.999999752618832 0.999999752618832 0.999999752618832 0.0005010034307503324 1.4142134736296221
501 3006 0.9999998737499572 0.9999998737499572 0.9999998737499572 0.9999998737499572 0.00035531682025125385 1.4142135177369637
502 3012 0.9999998957081414 0.9999998957081414 0.9999998957081414 0.9999998957081414 0.00035531682025125385 1.4142135177369637
503 3018 0.9999999046435873 0.9999999046435873 0.9999999046435873 0.9999999046435873 0.00030879833681779213 1.4142135286595117
504 3024 0.999999920785786 0.999999920785786 0.999999920785786 0.999999920785786 0.00030879833681779213 1.4142135286595117
505 3030 0.9999999263288851 0.9999999263288851 0.9999999263288851 0.9999999263288851 0.0002714242341339804 1.4142135363264223
506 3036 0.9999998923158492 0.9999998923158492 0.9999998923158492 0.9999998923158492 0.0002714242341339804 1.4142135363264223
507 3042 0.9999999003586113 0.9999999003586113 0.9999999003586113 0.9999999003586113 0.0003156602426764918 1.4142135271445437
508 3048 0.9999998881418993 0.9999998881418993 0.9999998881418993 0.9999998881418993 0.0003156602426764918 1.4142135271445437
509 3054 0.9999998822673061 0.9999998822673061 0.9999998822673061 0.9999998822673061 0.0003431219812001873 1.4142135207483013
510 3060 0.9999999120074863 0.9999999120074863 0.9999999120074863 0.9999999120074863 0.0003431219812001873 1.4142135207483013
511 3066 0.9999998953381751 0.9999998953381751 0.9999998953381751 0.9999998953381751 0.0003235147985385726 1.4142135253695516
512 3072 0.9999999188205879 0.9999999188205879 0.9999999188205879 0.9999999188205879 0.0003235147985385726 1.4142135253695516
513 3078 0.9999999239327176 0.9999999239327176 0.9999999239327176 0.9999999239327176 0.00027580297733410705 1.4142135354792493
514 3084 0.9999999108696114 0.9999999108696114 0.9999999108696114 0.9999999108696114 0.00027580297733410705 1.4142135354792493
515 3090 0.9999998612675177 0.9999998612675177 0.9999998612675177 0.9999998612675177 0.0003724680956537257 1.4142135133237546
516 3096 0.9999998514239266 0.9999998514239266 0.9999998514239266 0.9999998514239266 0.0003724680956537257 1.4142135133237546
517 3102 0.9999998674127955 0.9999998674127955 0.9999998674127955 0.9999998674127955 0.0003641252595739637 1.4142135154964386
518 3108 0.9999998947547405 0.9999998947547405 0.9999998947547405 0.9999998947547405 0.0003641252595739637 1.4142135154964386
519 3114 0.999999886262876 0.999999886262876 0.999999886262876 0.999999886262876 0.000337249350047976 1.4142135221609486
520 3120 0.9999998474983421 0.9999998474983421 0.9999998474983421 0.9999998474983421 0.000337249350047976 1.4142135221609486
521 3126 0.999999932158833 0.999999932158833 0.999999932158833 0.999999932158833 0.00026046336992545415 1.4142135383876202
522 3132 0.9999999173772348 0.9999999173772348 0.9999999173772348 0.9999999173772348 0.00026046336992545415 1.4142135383876202
523 3138 0.9999999313638694 0.9999999313638694 0.9999999313638694 0.9999999313638694 0.0002619849815482825 1.4142135381065581
524 3144 0.9999999401115308 0.9999999401115308 0.9999999401115308 0.9999999401115308 0.0002619849815482825 1.4142135381065581
525 3150 0.9999999137405176 0.9999999137405176 0.9999999137405176 0.9999999137405176 0.0002936996468448767 1.4142135318757623
526 3156 0.9999999146144861 0.9999999146144861 0.9999999146144861 0.9999999146144861 0.0002936996468448767 1.4142135318757623
527 3162 0.9999999487932357 0.9999999487932357 0.9999999487932357 0.9999999487932357 0.00022628911705012736 1.4142135442687698
528 3168 0.9999999385893064 0.9999999385893064 0.9999999385893064 0.9999999385893064 0.00022628911705012736 1.4142135442687698
529 3174 0.9999999650426737 0.9999999650426737 0.9999999650426737 0.9999999650426737 0.00018696878432354543 1.4142135500138138
530 3180 0.9999999517917744 0.9999999517917744 0.9999999517917744 0.9999999517917744 0.00018696878432354543 1.4142135500138138
531 3186 0.999999962488138 0.999999962488138 0.999999962488138 0.999999962488138 0.00019367979274187305 1.414213549110649
532 3192 0.9999999471916549 0.9999999471916549 0.9999999471916549 0.9999999471916549 0.00019367979274187305 1.414213549110649
533 3198 0.999999962087725 0.999999962087725 0.999999962087725 0.999999962087725 0.00019471074682860112 1.4142135489690815
534 3204 0.9999999770149726 0.9999999770149726 0.9999999770149726 0.9999999770149726 0.00019471074682860112 1.4142135489690815
535 3210 0.9999999763534163 0.9999999763534163 0.9999999763534163 0.9999999763534163 0.00015377445757394677 1.4142135540127652
536 3216 0.9999999773795599 0.9999999773795599 0.9999999773795599 0.9999999773795599 0.00015377445757394677 1.4142135540127652
537 3222 0.9999999747864937 0.9999999747864937 0.9999999747864937 0.9999999747864937 0.00015878761375755156 1.4142135534587743
538 3228 0.9999999610139415 0.9999999610139415 0.9999999610139415 0.9999999610139415 0.00015878761375755156 1.4142135534587743
539 3234 0.9999999704957525 0.9999999704957525 0.9999999704957525 0.9999999704957525 0.00017176800452521884 1.4142135519417682
540 3240 0.9999999694336734 0.9999999694336734 0.9999999694336734 0.9999999694336734 0.00017176800452521884 1.4142135519417682
541 3246 0.9999999736964011 0.9999999736964011 0.9999999736964011 0.9999999736964011 0.00016218384345127274 1.4142135530733686
542 3252 0.9999999675364007 0.9999999675364007 0.9999999675364007 0.9999999675364007 0.00016218384345127274 1.4142135530733686
543 3258 0.9999999510978442 0.9999999510978442 0.9999999510978442 0.9999999510978442 0.00022113831818400032 1.414213545083572
544 3264 0.9999999770530155 0.9999999770530155 0.9999999770530155 0.9999999770530155 0.00022113831818400032 1.414213545083572
545 3270 0.9999999714632656 0.9999999714632656 0.9999999714632656 0.9999999714632656 0.00016892819308788338 1.414213552283836
546 3276 0.9999999746511227 0.9999999746511227 0.9999999746511227 0.9999999746511227 0.00016892819308788338 1.414213552283836
547 3282 0.9999999721637114 0.9999999721637114 0.9999999721637114 0.9999999721637114 0.0001668421068180169 1.4142135525314807
548 3288 0.9999999838976927 0.9999999838976927 0.9999999838976927 0.9999999838976927 0.0001668421068180169 1.4142135525314807
549 3294 0.9999999878025929 0.9999999878025929 0.9999999878025929 0.9999999878025929 0.00011044187222185679 1.4142135580606605
550 3300 0.9999999912637312 0.9999999912637312 0.9999999912637312 0.9999999912637312 0.00011044187222185679 1.4142135580606605
551 3306 0.9999999915886667 0.9999999915886667 0.9999999915886667 0.9999999915886667 9.171332126001641e-05 1.4142135593992395
552 3312 0.9999999935519046 0.9999999935519046 0.9999999935519046 0.9999999935519046 9.171332126001641e-05 1.4142135593992395
553 3318 0.9999999963837498 0.9999999963837498 0.9999999963837498 0.9999999963837498 6.013526714600192e-05 1.4142135610945574
554 3324 0.9999999969190642 0.9999999969190642 0.9999999969190642 0.9999999969190642 6.013526714600192e-05 1.4142135610945574
555 3330 0.9999999969706371 0.9999999969706371 0.9999999969706371 0.9999999969706371 5.503964817897083e-05 1.4142135613020534
556 3336 0.9999999977778975 0.9999999977778975 0.9999999977778975 0.9999999977778975 5.503964817897083e-05 1.4142135613020534
557 3342 0.999999997412796 0.999999997412796 0.999999997412796 0.999999997412796 5.086456697074294e-05 1.4142135614583804
558 3348 0.9999999979355467 0.9999999979355467 0.9999999979355467 0.9999999979355467 5.086456697074294e-05 1.4142135614583804
559 3354 0.9999999967797201 0.9999999967797201 0.9999999967797201 0.9999999967797201 5.674751035599622e-05 1.414213561234554
560 3360 0.9999999956606244 0.9999999956606244 0.9999999956606244 0.9999999956606244 5.674751035599622e-05 1.414213561234554
561 3366 0.9999999965063211 0.9999999965063211 0.9999999965063211 0.9999999965063211 5.910735206611053e-05 1.414213561137893
562 3372 0.9999999940064511 0.9999999940064511 0.9999999940064511 0.9999999940064511 5.910735206611053e-05 1.414213561137893
563 3378 0.9999999891851328 0.9999999891851328 0.9999999891851328 0.9999999891851328 0.00010399455408576018 1.414213558549462
564 3384 0.9999999914104247 0.9999999914104247 0.9999999914104247 0.9999999914104247 0.00010399455408576018 1.414213558549462
565 3390 0.9999999884741775 0.9999999884741775 0.9999999884741775 0.9999999884741775 0.00010735838329217634 1.4142135582981015
566 3396 0.9999999926643894 0.9999999926643894 0.9999999926643894 0.9999999926643894 0.00010735838329217634 1.4142135582981015
567 3402 0.9999999900285134 0.9999999900285134 0.9999999900285134 0.9999999900285134 9.985733085443978e-05 1.414213558847642
568 3408 0.9999999945582011 0.9999999945582011 0.9999999945582011 0.9999999945582011 9.985733085443978e-05 1.414213558847642
569 3414 0.9999999934859415 0.9999999934859415 0.9999999934859415 0.9999999934859415 8.070971828621027e-05 1.4142135600700276
570 3420 0.999999992005871 0.999999992005871 0.999999992005871 0.999999992005871 8.070971828621027e-05 1.4142135600700276
571 3426 0.9999999918821748 0.9999999918821748 0.9999999918821748 0.9999999918821748 9.009897502667476e-05 1.4142135595030105
572 3432 0.9999999954878485 0.9999999954878485 0.9999999954878485 0.9999999954878485 9.009897502667476e-05 1.4142135595030105
573 3438 0.9999999956453894 0.9999999956453894 0.9999999956453894 0.9999999956453894 6.59894731076887e-05 1.4142135608335078
574 3444 0.9999999977379974 0.9999999977379974 0.9999999977379974 0.9999999977379974 6.59894731076887e-05 1.4142135608335078
575 3450 0.9999999981726573 0.9999999981726573 0.9999999981726573 0.9999999981726573 4.274742811633039e-05 1.414213561727032
576 3456 0.9999999983784558 0.9999999983784558 0.9999999983784558 0.9999999983784558 4.274742811633039e-05 1.414213561727032
577 3462 0.9999999983414595 0.9999999983414595 0.9999999983414595 0.9999999983414595 4.072518227862694e-05 1.4142135617867124
578 3468 0.9999999956128284 0.9999999956128284 0.9999999956128284 0.9999999956128284 4.072518227862694e-05 1.4142135617867124
579 3474 0.9999999948710475 0.9999999948710475 0.9999999948710475 0.9999999948710475 7.161670534829957e-05 1.4142135605597366
580 3480 0.9999999946538692 0.9999999946538692 0.9999999946538692 0.9999999946538692 7.161670534829957e-05 1.4142135605597366
581 3486 0.9999999972127888 0.9999999972127888 0.9999999972127888 0.9999999972127888 5.2794045493648944e-05 1.414213561387667
582 3492 0.9999999968716571 0.9999999968716571 0.9999999968716571 0.9999999968716571 5.2794045493648944e-05 1.414213561387667
583 3498 0.9999999940422939 0.9999999940422939 0.9999999940422939 0.9999999940422939 7.718617928595361e-05 1.4142135602667278
584 3504 0.9999999969994426 0.9999999969994426 0.9999999969994426 0.9999999969994426 7.718617928595361e-05 1.4142135602667278
585 3510 0.9999999988487144 0.9999999988487144 0.9999999988487144 0.9999999988487144 3.393059845286166e-05 1.414213561966054
586 3516 0.9999999987949681 0.9999999987949681 0.9999999987949681 0.9999999987949681 3.393059845286166e-05 1.414213561966054
587 3522 0.9999999990779843 0.9999999990779843 0.9999999990779843 0.9999999990779843 3.0364709367949593e-05 1.4142135620471132
588 3528 0.9999999994288022 0.9999999994288022 0.9999999994288022 0.9999999994288022 3.0364709367949593e-05 1.4142135620471132
589 3534 0.9999999996369827 0.9999999996369827 0.9999999996369827 0.9999999996369827 1.90530095228616e-05 1.4142135622447491
590 3540 0.9999999998006353 0.9999999998006353 0.9999999998006353 0.9999999998006353 1.90530095228616e-05 1.4142135622447491
591 3546 0.9999999997743245 0.9999999997743245 0.9999999997743245 0.9999999997743245 1.5022508307886589e-05 1.4142135622933067
592 3552 0.9999999998931083 0.9999999998931083 0.9999999998931083 0.9999999998931083 1.5022508307886589e-05 1.4142135622933067
593 3558 0.9999999999214039 0.9999999999214039 0.9999999999214039 0.9999999999214039 8.865439559451562e-06 1.4142135623453072
594 3564 0.9999999999051519 0.9999999999051519 0.9999999999051519 0.9999999999051519 8.865439559451562e-06 1.4142135623453072
595 3570 0.9999999998774607 0.9999999998774607 0.9999999998774607 0.9999999998774607 1.1069747604655093e-05 1.414213562329771
596 3576 0.9999999998787182 0.9999999998787182 0.9999999998787182 0.9999999998787182 1.1069747604655093e-05 1.414213562329771
597 3582 0.999999999903181 0.999999999903181 0.999999999903181 0.999999999903181 9.839678593309705e-06 1.4142135623388645
598 3588 0.9999999998802804 0.9999999998802804 0.9999999998802804 0.9999999998802804 9.839678593309705e-06 1.4142135623388645
599 3594 0.9999999999210586 0.9999999999210586 0.9999999999210586 0.9999999999210586 8.88489155493454e-06 1.414213562345185
600 3600 0.9999999999506435 0.9999999999506435 0.9999999999506435 0.9999999999506435 8.88489155493454e-06 1.414213562345185
601 3606 0.9999999999602456 0.9999999999602456 0.9999999999602456 0.9999999999602456 6.3051019781019635e-06 1.4142135623590397
602 3612 0.9999999999619014 0.9999999999619014 0.9999999999619014 0.9999999999619014 6.3051019781019635e-06 1.4142135623590397
603 3618 0.9999999999651653 0.9999999999651653 0.9999999999651653 0.9999999999651653 5.902092060239852e-06 1.414213562360779
604 3624 0.9999999999759893 0.9999999999759893 0.9999999999759893 0.9999999999759893 5.902092060239852e-06 1.414213562360779
605 3630 0.9999999999853679 0.9999999999853679 0.9999999999853679 0.9999999999853679 3.8252183434870376e-06 1.414213562367922
605 3630 0.9999999999853679 0.9999999999853679 0.9999999999853679 0.9999999999853679 3.8252183434870376e-06 1.414213562367922
