% # columns="iteration, evaluation, sigma, void, void,  stds==sigma*sigma_vec.scaling*sqrt(diag(C))", seed=448579, Wed May 20 15:09:51 2026, <python>{}</python>
1 6 0.37076243618625637 0 0 0.34447188213744906 0.32360633115830867
2 12 0.4091626969198056 0 0 0.44116134036067367 0.3493998115059654
3 18 0.46426021132270506 0 0 0.5497605985718064 0.33441091193949474
4 24 0.648772876932984 0 0 0.9567931728532951 0.4637400918158637
5 30 0.515629459123923 0 0 0.7345997182074269 0.2844879184043082
6 36 0.42886434266040113 0 0 0.5324815607479931 0.21820508396950267
7 42 0.6182479287338088 0 0 1.026818635756675 0.2857810953329769
8 48 0.6114073584695402 0 0 0.8661335083968926 0.29282996177829307
9 54 0.5748681371182918 0 0 0.8641853659478458 0.28338135132824693
10 60 0.4862499003520533 0 0 0.5991369430590596 0.22741350313218098
11 66 0.45759471804667673 0 0 0.5912541067076285 0.17579559520215332
12 72 0.3839004057527182 0 0 0.47006724635196834 0.13431281488590452
13 78 0.45372538861068634 0 0 0.5109918629869752 0.1538405560475913
14 84 0.42709715102291507 0 0 0.48744041906525876 0.13089732571868057
15 90 0.4730725726506982 0 0 0.4590230733528114 0.15700549465077188
16 96 0.4576960461712379 0 0 0.4161892988191099 0.16389949061342257
17 102 0.4706440209148087 0 0 0.43948606847415045 0.17448651790664432
18 108 0.5957300498457704 0 0 0.6884622445588755 0.2299510774208143
19 114 0.4966449521175918 0 0 0.5497346056467559 0.19139078890038905
20 120 0.6799160495852405 0 0 1.0991654930448735 0.362827195817882
21 126 0.9337931639145576 0 0 1.9200829453378803 0.654872619190489
22 132 0.933764117454389 0 0 1.7530047487158065 0.579095797021433
23 138 0.8368030539583019 0 0 1.456716582351288 0.4986170293804289
24 144 0.7350968448219155 0 0 1.2071103484856873 0.41851201535744575
25 150 0.6216519314838126 0 0 0.8759977812947644 0.3082040837402654
26 156 0.6389920081943025 0 0 0.9822790547842419 0.3239493661977349
27 162 0.5198739594345755 0 0 0.7436110379631522 0.2502413570628993
28 168 0.5829625636400457 0 0 0.787451420802859 0.2845107583150141
29 174 0.5859216372359443 0 0 0.7743758488926681 0.2882129956585195
30 180 0.6920009138981348 0 0 0.7872322287183855 0.3055779014219907
31 186 0.6090406299686938 0 0 0.655424141329798 0.266137819371368
32 192 0.9050144568618417 0 0 1.1729816984244412 0.47413955245612527
33 198 0.8568949173293529 0 0 1.0747366101266582 0.43473698280541817
34 204 0.6526065644732701 0 0 0.7419546171901317 0.30001582738719457
35 210 0.743996484272966 0 0 0.811431057943819 0.30916667689707317
36 216 0.7517478380116677 0 0 0.840857627564315 0.33033245363682084
37 222 0.9828543276751424 0 0 1.2723627931100532 0.5274257965304702
38 228 0.7410790363471392 0 0 0.8807959008581174 0.3662326032719154
39 234 0.773892979616687 0 0 1.0089612995619344 0.42741460887428095
40 240 0.7522861986973403 0 0 0.8909930822148852 0.3728190402990708
41 246 0.7733076120824185 0 0 0.7663770431990771 0.3409316677632277
42 252 0.5897308198598782 0 0 0.5129177366520385 0.22482755230732665
43 258 0.4353020411529511 0 0 0.34486575330083735 0.1557113533522833
44 264 0.3547675076505 0 0 0.2530897534971728 0.11843231261575346
45 270 0.3924172948700084 0 0 0.29775610755539467 0.14885431497013982
46 276 0.33139351791152855 0 0 0.22763427717152065 0.11543776004884819
47 282 0.33097280112152944 0 0 0.2278858232150472 0.11731238942131227
48 288 0.28863053884456513 0 0 0.18659371842988898 0.09531328701586536
49 294 0.2997384132631224 0 0 0.21193193939758853 0.10602156468803989
50 300 0.3897409926623617 0 0 0.32754925409245034 0.1677213781350751
51 306 0.3437575688845451 0 0 0.26715195756470056 0.13524365923076268
52 312 0.3400942880812733 0 0 0.2635934354676385 0.13358870091254885
53 318 0.4159447853305158 0 0 0.31516676315095765 0.16340632997667556
54 324 0.3479399149740457 0 0 0.2736058770997506 0.14277234927952895
55 330 0.31756858946837324 0 0 0.24671099912106775 0.12779631104218273
56 336 0.27714676701163826 0 0 0.22995380224567252 0.119713908799101
57 342 0.2532161238218743 0 0 0.20571859126194258 0.10705993705936986
58 348 0.24668101363777747 0 0 0.2096623129919435 0.10885324052324263
59 354 0.204269352564282 0 0 0.16146323185073846 0.08420708189126219
60 360 0.21878747267232976 0 0 0.16531732869029891 0.08620068426963894
61 366 0.20213916934416537 0 0 0.13630501606367798 0.07052374894764137
62 372 0.1598876235445848 0 0 0.09277046498611596 0.04793362554616054
63 378 0.12533273072446904 0 0 0.06620549712311953 0.03447118635565623
64 384 0.12773270349592467 0 0 0.06929175197770841 0.036137348853841296
65 390 0.1247544575502916 0 0 0.06982662893838293 0.03613951546380886
66 396 0.09873867299646877 0 0 0.04658486937785445 0.02385337903647235
67 402 0.09803682469705409 0 0 0.04717605775695147 0.02441567894647346
68 408 0.10161306788425022 0 0 0.044440240642778205 0.023453210270776764
69 414 0.10927823990217751 0 0 0.04184498239473903 0.022371075597777013
70 420 0.08720499801826033 0 0 0.02995601043103614 0.01620165998426637
71 426 0.08066225173968701 0 0 0.02709149408882549 0.014899515857565989
72 432 0.10213403085662219 0 0 0.03154925955396441 0.018021565176990804
73 438 0.09732487554556232 0 0 0.03019219516504845 0.017310291728548304
74 444 0.11406930028247017 0 0 0.04319539587517503 0.02446711737821442
75 450 0.16101311719840783 0 0 0.06373404731826261 0.036648817105334956
76 456 0.1409361009460939 0 0 0.04982850542224138 0.028741815074240836
77 462 0.13233473732232687 0 0 0.04915380385321227 0.028075158554687583
78 468 0.12772512700290983 0 0 0.047678735063006954 0.027370893935671343
79 474 0.1629157443777835 0 0 0.07173267246718769 0.04081275885879513
80 480 0.139353067962449 0 0 0.055402621274585916 0.031290037247544644
81 486 0.15438321027735505 0 0 0.07159104948484589 0.04053232039348111
82 492 0.1259144662220243 0 0 0.04801741119156612 0.02709133120194807
83 498 0.09819846540102302 0 0 0.031436686520009076 0.017866269887430924
84 504 0.09765729034618324 0 0 0.03316913496679179 0.019016554803687365
85 510 0.10272049964666695 0 0 0.037771167197299484 0.021526848025441338
86 516 0.12746215235456199 0 0 0.0475821166245671 0.027338848311584313
87 522 0.1558140391980453 0 0 0.06516353695980431 0.03723912716515507
88 528 0.14813284383956116 0 0 0.05622408903221988 0.03213143287344314
89 534 0.1362038933878829 0 0 0.0523572194788861 0.029922695962651968
90 540 0.18062624128323437 0 0 0.09192337613589803 0.05277334769398538
91 546 0.14869009627369745 0 0 0.06657439700434696 0.03827461128265247
92 552 0.12340544798000476 0 0 0.045510371733098444 0.026237406851116838
93 558 0.11034458321411829 0 0 0.03411857282770232 0.019646267896239477
94 564 0.09107002294635023 0 0 0.026597631619661083 0.015266542319001814
95 570 0.09667923743719296 0 0 0.02535058315860432 0.014509569047201826
96 576 0.08147340414150764 0 0 0.01924796897627529 0.011027789210269173
97 582 0.08152002956774666 0 0 0.019661210522992936 0.011321912435518272
98 588 0.09080482328095542 0 0 0.024895036568614807 0.014270256456472582
99 594 0.07493227767409472 0 0 0.017524692079167042 0.010107464275761228
100 600 0.0916280708134066 0 0 0.018305956101986213 0.010597590487896737
101 606 0.1341109946424369 0 0 0.030558363308166952 0.017346515159391472
102 612 0.16913546611861668 0 0 0.03813944526559173 0.021713965277267745
103 618 0.13928193836946642 0 0 0.026625151721449344 0.015215147755670936
104 624 0.12172085870399452 0 0 0.021747939213995957 0.012396502943935872
105 630 0.0932818016306923 0 0 0.013543081059685566 0.0077706841501597335
106 636 0.07753947244601717 0 0 0.01020489342554198 0.005815427745058419
107 642 0.0653605698636513 0 0 0.008004382012504403 0.004590403909317297
108 648 0.06311432469258918 0 0 0.007818586371590906 0.004526543178266546
109 654 0.06197256199234219 0 0 0.007264879797193646 0.004214237289461428
110 660 0.06930174307700745 0 0 0.007959394438252514 0.004534781863947159
111 666 0.07915587217295868 0 0 0.00969958449879912 0.005471696111602387
112 672 0.06185704744228967 0 0 0.007930814004343383 0.004481781702834194
113 678 0.047917319116169144 0 0 0.0052511027131586846 0.002957893804317636
114 684 0.0501232431059321 0 0 0.0053181051381664185 0.00300524712355242
115 690 0.04949615294895581 0 0 0.005163228038496438 0.002921870617900263
116 696 0.03921206700378691 0 0 0.003733111737026085 0.0021162877839079656
117 702 0.03410375466838736 0 0 0.003023062934327073 0.001708052575872605
118 708 0.026881712097556857 0 0 0.002147465647112149 0.0012144000854449135
119 714 0.019557866651983835 0 0 0.001283124701980285 0.0007280460914795151
120 720 0.015433024314229533 0 0 0.0009324210251272798 0.0005320354730027443
121 726 0.012101816806012897 0 0 0.0006689514777026618 0.0003809672280478129
122 732 0.013127504356044935 0 0 0.0007161313783503533 0.0004097601828453734
123 738 0.016796446795879452 0 0 0.0012307498314131238 0.000705464286358626
124 744 0.016536343486169003 0 0 0.0011272060598396163 0.000648898381955731
125 750 0.015833434036442665 0 0 0.0010015196165332513 0.0005766898983608707
126 756 0.013762241454299143 0 0 0.0007667725093755758 0.0004400407603711227
127 762 0.013120559742606612 0 0 0.0006824569407399128 0.00039116963604345306
128 768 0.01509689728339797 0 0 0.0008304460025701022 0.0004724177626659043
129 774 0.02102456241088256 0 0 0.0013817228322813725 0.0007808408002507674
130 780 0.016692890898721748 0 0 0.000970609726827827 0.0005488082002170995
131 786 0.020133976038504166 0 0 0.0014290220990529757 0.0008032301001582489
132 792 0.014839585786749973 0 0 0.000936264552917063 0.0005248334474322664
133 798 0.013937310563460854 0 0 0.0008619444191880709 0.0004844370801837177
134 804 0.011302214871190795 0 0 0.0006371331528997392 0.0003588662949490991
135 810 0.01295069500161205 0 0 0.000713203547239691 0.00040029706238012616
136 816 0.012516088608508617 0 0 0.0006911677273792714 0.0003888214973791293
137 822 0.01048946674493343 0 0 0.0005269076165214259 0.0002968665344201477
138 828 0.009330217336686163 0 0 0.0004262681722029475 0.00023956532775394536
139 834 0.012374149982250483 0 0 0.0006530491128050598 0.00036516000166123154
140 840 0.01159875553542951 0 0 0.0005986922127924684 0.0003348657545772192
141 846 0.01323465752522813 0 0 0.0007301785519595815 0.00040617139894413785
142 852 0.015871272357526667 0 0 0.0010666164171429405 0.0005935039305469766
143 858 0.011451842092708723 0 0 0.00071400073816703 0.0003975773892235334
144 864 0.010851115487518775 0 0 0.0006285740595453644 0.0003504000718887021
145 870 0.014274240542820827 0 0 0.0009535377190550321 0.0005299360588419152
146 876 0.012302853024735905 0 0 0.0007780442599917314 0.00043234443229579067
147 882 0.015280721334148947 0 0 0.001008017389359735 0.0005608136826161205
148 888 0.01388963730186455 0 0 0.0009231393248324032 0.0005132736135499605
149 894 0.011544821642890477 0 0 0.0006912806498059234 0.00038451915644165666
150 900 0.00925250393643862 0 0 0.000507846130909222 0.0002825832701281748
151 906 0.012814974926512575 0 0 0.0006868292903430544 0.00038216265978053676
152 912 0.01595402499659687 0 0 0.0008140764286634153 0.0004526785712224171
153 918 0.01458721645777793 0 0 0.000659949910440474 0.0003674496253456925
154 924 0.011559358691052055 0 0 0.0004798789574514558 0.0002667978456991649
155 930 0.009783544067600888 0 0 0.00040614644909611465 0.00022555716299670878
156 936 0.008217120544568203 0 0 0.00030319463133357224 0.00016846420785586935
157 942 0.007393203470498813 0 0 0.00025223465108255007 0.0001399526765977884
158 948 0.007448338828295666 0 0 0.0002134931392287465 0.00011834940412481934
159 954 0.009595441337801564 0 0 0.0002466918722334117 0.00013693283653300854
160 960 0.008986879923826917 0 0 0.00022862880037970295 0.00012699222566833762
161 966 0.007899155167992066 0 0 0.00020246065218718743 0.0001123683367951632
162 972 0.010261774366737992 0 0 0.0003131511833808061 0.0001742563455134628
163 978 0.012100516109730043 0 0 0.00034031181813959935 0.00018961554437681448
164 984 0.011798733999983683 0 0 0.00035130020189974386 0.00019559615945040994
165 990 0.012139438435758609 0 0 0.0004124215742989333 0.0002298071526928237
166 996 0.011528027893061583 0 0 0.00040788848164799457 0.00022727125222625404
167 1002 0.015230603233520129 0 0 0.0005976912497035634 0.0003338462508873704
168 1008 0.017354850057611466 0 0 0.0005956178293800167 0.00033268490551926436
169 1014 0.013190811571671214 0 0 0.00042334345042173145 0.00023639453562432412
170 1020 0.012302953223410754 0 0 0.00039059748550611384 0.0002180714928384592
171 1026 0.012316369998356213 0 0 0.0003455126964493332 0.00019274796370332046
172 1032 0.010383768902150049 0 0 0.0002582886328491148 0.00014416666347013188
173 1038 0.007472543568171945 0 0 0.00016338048193855403 9.135236404316325e-05
174 1044 0.008271841897345391 0 0 0.00017045844818791285 9.527747610305865e-05
175 1050 0.008369913118230583 0 0 0.00015392957641488953 8.607868528661208e-05
176 1056 0.0075074006481118255 0 0 0.00012227365985337206 6.821142607468189e-05
177 1062 0.005926215499910124 0 0 8.505267866782448e-05 4.748503807491952e-05
178 1068 0.004693781008829668 0 0 5.34364968939227e-05 2.982622737715539e-05
179 1074 0.004390946313292699 0 0 4.876783754762201e-05 2.7254141508585666e-05
180 1080 0.004313738005051956 0 0 5.2472685120710464e-05 2.9305131366626353e-05
181 1086 0.003656738857504174 0 0 4.012497691361135e-05 2.2444921682817016e-05
182 1092 0.003915408587343009 0 0 3.796160791392542e-05 2.115284421604753e-05
183 1098 0.0037165874957364006 0 0 3.2493736077545496e-05 1.8138191564692208e-05
184 1104 0.0044526114754627364 0 0 3.900119255314764e-05 2.1911789287976724e-05
185 1110 0.004437565701476779 0 0 3.931575560513683e-05 2.2118865299802152e-05
186 1116 0.004080240773366139 0 0 3.3250194397389796e-05 1.8683195165292643e-05
187 1122 0.003687578118129269 0 0 2.6854481495518658e-05 1.5107765543464908e-05
188 1128 0.003292852895544181 0 0 2.098150683579405e-05 1.1783213999645902e-05
189 1134 0.0033117574816573583 0 0 2.278403726602938e-05 1.279486867356639e-05
190 1140 0.0030370007967914347 0 0 1.868780473608758e-05 1.0471914714893568e-05
191 1146 0.003491667739869678 0 0 2.2326567903288322e-05 1.2567552886776023e-05
192 1152 0.003936232432767705 0 0 2.376743335379896e-05 1.3410534357005107e-05
193 1158 0.0036825387501127453 0 0 2.0831004148377528e-05 1.1680809772368607e-05
194 1164 0.003869928269855238 0 0 2.0803701302799105e-05 1.1668709887534368e-05
195 1170 0.003806921518183225 0 0 1.9392074806930998e-05 1.0962216605448048e-05
196 1176 0.004757655798846734 0 0 2.6317697568927774e-05 1.4749178268968986e-05
197 1182 0.0036976643223175314 0 0 2.14140219721788e-05 1.1983738026353976e-05
198 1188 0.0037513192573845797 0 0 2.0947884915727237e-05 1.178391133144325e-05
199 1194 0.002810463311409178 0 0 1.4112995554646772e-05 7.936704463460226e-06
200 1200 0.0021962784058994927 0 0 9.372540704460678e-06 5.27103948656202e-06
201 1206 0.0018386465373574081 0 0 7.416700652395072e-06 4.186830268668405e-06
202 1212 0.0018658745734824011 0 0 7.975088549148024e-06 4.504396489860112e-06
203 1218 0.0021992540691190988 0 0 8.792948461273333e-06 4.973232865158083e-06
204 1224 0.0020438505924490545 0 0 7.412800794039716e-06 4.193699313322176e-06
205 1230 0.0019487792192330994 0 0 6.35415571585586e-06 3.5926639130510212e-06
206 1236 0.002023810139644291 0 0 6.4177682098138995e-06 3.6120389177706576e-06
207 1242 0.0023414626670858626 0 0 7.285206871424044e-06 4.074846850288169e-06
208 1248 0.0024564815237144073 0 0 6.345948067577335e-06 3.5446898878535568e-06
209 1254 0.001955713982518751 0 0 4.47362211985018e-06 2.5078732321581216e-06
210 1260 0.0015996472587557244 0 0 2.924753796030493e-06 1.638542495536299e-06
211 1266 0.0015087320467116186 0 0 2.735525016896428e-06 1.5205138110073367e-06
212 1272 0.0012496624931683708 0 0 2.085816870712971e-06 1.1599416805366901e-06
213 1278 0.0012214395913947567 0 0 1.8005884344718909e-06 1.0026723429207938e-06
214 1284 0.0014583555671202567 0 0 1.9847494839307434e-06 1.1014050840421485e-06
215 1290 0.0022150444878626147 0 0 2.847190036806134e-06 1.586693783620371e-06
216 1296 0.001994293839016822 0 0 2.5202012684856073e-06 1.4132117607921354e-06
217 1302 0.002185343683871483 0 0 2.7078750837022147e-06 1.5316069967640145e-06
218 1308 0.0029963284249390843 0 0 3.4185652393513586e-06 1.9464628927526696e-06
219 1314 0.0024308105754656307 0 0 2.2908963880342498e-06 1.3136806768848701e-06
220 1320 0.0025646965247632845 0 0 2.3292913635300325e-06 1.323377264922666e-06
221 1326 0.0022380401582929427 0 0 1.9272558670135553e-06 1.1110466951244168e-06
222 1332 0.0023232220165263686 0 0 2.0820264373352597e-06 1.1687206035122682e-06
223 1338 0.0025264459691157213 0 0 2.4802275991542183e-06 1.4250106960783965e-06
224 1344 0.002799580959459634 0 0 2.5449470318040655e-06 1.4876006260650059e-06
225 1350 0.0024636190705205085 0 0 2.074681398810829e-06 1.209881916782553e-06
226 1356 0.002850856009438087 0 0 2.470658018861334e-06 1.4888046570114736e-06
227 1362 0.0030854455556569454 0 0 2.8774556929398544e-06 1.7118811505015694e-06
228 1368 0.004414482723715357 0 0 4.743251172138287e-06 2.7271836961890608e-06
229 1374 0.0036493853268435026 0 0 3.931285240388084e-06 2.2423423464716396e-06
230 1380 0.002911959964176791 0 0 2.818856155165498e-06 1.6131445252978408e-06
231 1386 0.0026850286348287684 0 0 2.5568755914973855e-06 1.4820667179392922e-06
232 1392 0.003058181175050911 0 0 3.2833651413865247e-06 1.890981987371584e-06
233 1398 0.0022123138453796934 0 0 2.3159078337593295e-06 1.3266056757963061e-06
234 1404 0.001637245466432909 0 0 1.6324153757814061e-06 9.37749954256111e-07
235 1410 0.0013856263051818933 0 0 1.3717199757391475e-06 7.824665258261933e-07
236 1416 0.001304159728065201 0 0 1.3759196697103865e-06 7.889364213972924e-07
237 1422 0.0011192351201536192 0 0 9.913981259191678e-07 5.666939542236818e-07
238 1428 0.0009423411973952727 0 0 8.553062130753968e-07 4.944468301986584e-07
239 1434 0.000963836282333575 0 0 9.008307854264858e-07 5.218964873603926e-07
240 1440 0.0007453652099512187 0 0 6.039861639907282e-07 3.5178818592406216e-07
241 1446 0.0005824331992015578 0 0 3.8076343333892466e-07 2.2151706234499453e-07
242 1452 0.0006076711354373919 0 0 3.560947321955034e-07 2.061873865245818e-07
243 1458 0.0006962324081212142 0 0 3.836665285721257e-07 2.2275232293545563e-07
244 1464 0.000788355115477937 0 0 4.3221909042741576e-07 2.4962239253681404e-07
245 1470 0.001085739308199283 0 0 5.148696128611157e-07 2.994832038458596e-07
246 1476 0.0010569188423589615 0 0 5.415577249926229e-07 3.192962443573916e-07
247 1482 0.0008832070538173259 0 0 4.207142472943489e-07 2.508018224072142e-07
248 1488 0.0008565571035276002 0 0 3.567578824328671e-07 2.1213020429921945e-07
249 1494 0.0010059753584829168 0 0 5.06131807697514e-07 2.962038366143313e-07
250 1500 0.0007561252965390535 0 0 3.4172481138566945e-07 2.007588631018696e-07
251 1506 0.0008456334986959492 0 0 3.886108541531051e-07 2.2627967625426555e-07
252 1512 0.000940121454138832 0 0 4.2473167103491114e-07 2.4251600698827775e-07
253 1518 0.0009756143143254142 0 0 4.956491104666276e-07 2.8609950336524373e-07
254 1524 0.0007987474209154768 0 0 4.207446868729633e-07 2.421398286255287e-07
255 1530 0.0008077560094966454 0 0 4.114297895461319e-07 2.361827046563495e-07
256 1536 0.0006186337484108346 0 0 2.988709062245875e-07 1.7163568155062448e-07
257 1542 0.000595439980415107 0 0 2.9150122557713075e-07 1.673449486034373e-07
258 1548 0.000664250818633144 0 0 3.612211977006969e-07 2.0743046472361182e-07
259 1554 0.0006004006607059815 0 0 2.9487388050585674e-07 1.6909524396285893e-07
260 1560 0.0006275054047834006 0 0 3.2461172902251357e-07 1.8670584399435555e-07
261 1566 0.0006455262797795079 0 0 3.2921878600825134e-07 1.8940881178700163e-07
262 1572 0.0005087184321851621 0 0 2.2782571002087475e-07 1.3123956079568922e-07
263 1578 0.0005713620152978587 0 0 2.7843166566036006e-07 1.594016044046657e-07
264 1584 0.000475926973723959 0 0 1.9601799979591538e-07 1.1196812962787235e-07
265 1590 0.0004363057769696096 0 0 1.8180212240685387e-07 1.0394608851127805e-07
266 1596 0.00043123314290881537 0 0 1.6476066703280147e-07 9.462296067092825e-08
267 1602 0.00048031514641931584 0 0 2.0999395810783862e-07 1.2061976209844467e-07
268 1608 0.0005274635277031416 0 0 2.494140518577094e-07 1.4291939125199204e-07
269 1614 0.0005733750697293647 0 0 2.7692567978754035e-07 1.5905322161024795e-07
270 1620 0.0006100425954972449 0 0 2.5721468277632714e-07 1.4852462051029607e-07
271 1626 0.000531722522347822 0 0 1.983393988150271e-07 1.1416935732338603e-07
272 1632 0.0007377795208476917 0 0 2.5973544716786094e-07 1.5078136878664968e-07
273 1638 0.0007458501340065648 0 0 2.325093416518669e-07 1.3519724274217815e-07
274 1644 0.0007172365344657735 0 0 1.9687700069373075e-07 1.1444901520596166e-07
275 1650 0.0006000389133669678 0 0 1.5000121174372123e-07 8.730212316705338e-08
276 1656 0.0005657996924274909 0 0 1.3550858714752604e-07 7.886411125833788e-08
277 1662 0.0006223250590123043 0 0 1.8795074238826614e-07 1.0934951304470063e-07
278 1668 0.0004979644524004607 0 0 1.4065756338242015e-07 8.223877269314655e-08
279 1674 0.0005348854879868055 0 0 1.6754801095898966e-07 9.748640979332405e-08
280 1680 0.0005975299969542509 0 0 1.857394909894881e-07 1.0757133512020623e-07
281 1686 0.0005628777597472565 0 0 1.7208880527581138e-07 9.949496544719279e-08
282 1692 0.00040469348136830554 0 0 9.960990454961363e-08 5.759414790178784e-08
283 1698 0.0004530651221904986 0 0 1.1245439253358864e-07 6.51704118174716e-08
284 1704 0.0005696928359675049 0 0 1.4442469033668772e-07 8.441078600894257e-08
285 1710 0.0008348786411212425 0 0 2.572236662710609e-07 1.5101585613788724e-07
286 1716 0.0007827643230263724 0 0 2.435631381133347e-07 1.4270762403767118e-07
287 1722 0.0008474261179198666 0 0 2.817975026262362e-07 1.64477510376933e-07
288 1728 0.0006646327271182813 0 0 2.0607046409538635e-07 1.2032971900472926e-07
289 1734 0.0005112654348381202 0 0 1.506538657104725e-07 8.800055688801347e-08
290 1740 0.00037072598258960264 0 0 9.955828358256027e-08 5.817771684675246e-08
291 1746 0.00029883402963810744 0 0 6.405575457947378e-08 3.738853581001369e-08
292 1752 0.00030438941698764 0 0 7.025581832790119e-08 4.095659299701472e-08
293 1758 0.00033140739474561747 0 0 7.950113691771706e-08 4.628726097347975e-08
294 1764 0.0003432104101840506 0 0 8.203985384506894e-08 4.77562381386784e-08
295 1770 0.00032170283505523204 0 0 6.964371975103218e-08 4.0502933457602447e-08
296 1776 0.00028794153207305147 0 0 6.017958974717517e-08 3.4905427223443746e-08
297 1782 0.0002924155656843454 0 0 5.884941370631863e-08 3.420229824331009e-08
298 1788 0.00036918350737490547 0 0 8.833041354164031e-08 5.147645722759295e-08
299 1794 0.0004440758589336355 0 0 1.0505650636067459e-07 6.111781671320775e-08
300 1800 0.0006238163358869581 0 0 1.4932965185938208e-07 8.650263607194031e-08
301 1806 0.0005811680963604748 0 0 1.3531334421031708e-07 7.831591604167326e-08
302 1812 0.0007516231762239551 0 0 2.0805969144185886e-07 1.2006821930270765e-07
303 1818 0.0009159928394125171 0 0 2.2978961166263235e-07 1.3279894516088248e-07
304 1824 0.0015232735246032028 0 0 4.0638785216300156e-07 2.3490238585672535e-07
305 1830 0.0013102896575414192 0 0 3.4579260871738144e-07 1.9978234021970888e-07
306 1836 0.00141077018752937 0 0 4.188190563283241e-07 2.4235561842636557e-07
307 1842 0.0013473677253077055 0 0 3.708796605565688e-07 2.1437762114015207e-07
308 1848 0.0016718523835518295 0 0 5.935220702332676e-07 3.433389298923114e-07
309 1854 0.0019096515815228761 0 0 6.343194774500008e-07 3.665881040310271e-07
310 1860 0.001588954818071815 0 0 4.898156933130988e-07 2.833193449702914e-07
311 1866 0.0015574663101936542 0 0 5.19969001409593e-07 3.0088947177685185e-07
312 1872 0.001451671559167694 0 0 4.4923846534198787e-07 2.5989146611713815e-07
313 1878 0.001386309786543854 0 0 4.538654372656917e-07 2.627165987109219e-07
314 1884 0.001461044110050089 0 0 5.185160936852391e-07 3.003374368691053e-07
315 1890 0.001162736630330071 0 0 3.82508267799659e-07 2.216176323157982e-07
316 1896 0.001278120860453258 0 0 4.025954194386106e-07 2.3310687568754143e-07
317 1902 0.0011169270817109737 0 0 3.052748060993037e-07 1.7678735518929524e-07
318 1908 0.0008324341244099007 0 0 2.006998163713281e-07 1.1618210268146481e-07
319 1914 0.0005825645412734326 0 0 1.1600570795826524e-07 6.71103164277614e-08
320 1920 0.000672583716496632 0 0 1.4303954292006023e-07 8.265709285813587e-08
321 1926 0.000779732411703349 0 0 1.6004685628847865e-07 9.247118916146358e-08
322 1932 0.0007966014064540979 0 0 1.5580941385777015e-07 9.013426161833881e-08
323 1938 0.0007460213515426037 0 0 1.3417489115343335e-07 7.766096709319727e-08
324 1944 0.0006411202833528377 0 0 1.0012218125398824e-07 5.791350546506741e-08
325 1950 0.0005712470398527564 0 0 9.279730186490389e-08 5.373434516290992e-08
326 1956 0.0006299276384996921 0 0 1.0730297113152559e-07 6.218268478874936e-08
327 1962 0.00059811725858481 0 0 8.79861781545116e-08 5.102037636142188e-08
328 1968 0.000606207279779066 0 0 9.301859128579858e-08 5.392420153666951e-08
329 1974 0.0005475471619210226 0 0 7.638068726797341e-08 4.429555166064082e-08
330 1980 0.0005747145300302465 0 0 7.998992514587437e-08 4.63889373457238e-08
331 1986 0.0006867310497712906 0 0 8.44731712068134e-08 4.903485718405263e-08
332 1992 0.000811910124317738 0 0 8.029433497912305e-08 4.663402287015664e-08
333 1998 0.0011684527421889472 0 0 1.6753637424619294e-07 9.71920929554277e-08
334 2004 0.0015784430154231022 0 0 1.9273019354620813e-07 1.1197571337823759e-07
335 2010 0.0013875669138499428 0 0 1.6100820456702115e-07 9.351892749779318e-08
336 2016 0.001727708516685345 0 0 2.3750982812811386e-07 1.3802945860882597e-07
337 2022 0.0017442463025951142 0 0 2.401100105064348e-07 1.3947620523834914e-07
338 2028 0.0017884289464848385 0 0 2.53689736414912e-07 1.4745101386655026e-07
339 2034 0.0018875586271351183 0 0 2.884991003934881e-07 1.678193733797859e-07
340 2040 0.0020799791358566693 0 0 3.392065824750996e-07 1.977447298144281e-07
341 2046 0.0022077094410658674 0 0 3.326768095706295e-07 1.9388625647160576e-07
342 2052 0.0019802064358520905 0 0 2.914310013575043e-07 1.6972908338927517e-07
343 2058 0.0015897435569223162 0 0 2.1476022234314015e-07 1.2507619008177463e-07
344 2064 0.001790961305926994 0 0 2.37333914098551e-07 1.3821972736884772e-07
345 2070 0.0017549675124381864 0 0 2.7172306776312566e-07 1.5839278003157337e-07
346 2076 0.0016329320860881261 0 0 2.3300531338804102e-07 1.3592604236884597e-07
347 2082 0.0016668652054378538 0 0 2.339995513781623e-07 1.3647429479983346e-07
348 2088 0.0014966018704922752 0 0 2.1655665478812298e-07 1.2630049509233266e-07
349 2094 0.0012125669063430657 0 0 1.3636771959195398e-07 7.95505945536408e-08
350 2100 0.001381577380840944 0 0 1.509178016625963e-07 8.800747394165153e-08
351 2106 0.0012606707264751298 0 0 1.2279992416659638e-07 7.154541552117979e-08
352 2112 0.0015696993081867777 0 0 1.4204879417497342e-07 8.285563941881218e-08
353 2118 0.0022292021128831217 0 0 2.2745974186391758e-07 1.324736844596375e-07
354 2124 0.0025960300353738003 0 0 2.634634210030477e-07 1.5333048683063394e-07
355 2130 0.0035374114260494673 0 0 4.923078751808999e-07 2.864168385926182e-07
356 2136 0.0036933966622752544 0 0 4.843188427920646e-07 2.81703412610781e-07
357 2142 0.0027607232179901286 0 0 3.74373650776925e-07 2.1769824638569281e-07
358 2148 0.002347475616772696 0 0 2.757121033863599e-07 1.603341633746988e-07
359 2154 0.002142765261547178 0 0 2.2393195613174157e-07 1.3022447691994588e-07
360 2160 0.0019090078329034286 0 0 1.7698388194479483e-07 1.029580664188084e-07
361 2166 0.0019461816802467142 0 0 2.131531404263955e-07 1.2398229853828814e-07
362 2172 0.001896210085208061 0 0 2.1492332826138343e-07 1.2502039691622762e-07
363 2178 0.0016417289019895734 0 0 1.8401129366275383e-07 1.0701682042660312e-07
364 2184 0.0015606425552661268 0 0 1.579381588226243e-07 9.18788179161561e-08
365 2190 0.0017030168600711947 0 0 2.0166392036535088e-07 1.1735333062372377e-07
366 2196 0.0017120473067728475 0 0 2.4048071529465793e-07 1.3998469817899665e-07
367 2202 0.0019103634780289795 0 0 2.803981671495767e-07 1.6327611561284743e-07
368 2208 0.0020618764459659814 0 0 2.650617335631708e-07 1.5435738853462516e-07
369 2214 0.0029283940746914674 0 0 3.422987903383279e-07 1.9942217545073476e-07
370 2220 0.0027434414094302485 0 0 2.6238414988466314e-07 1.528222672865764e-07
371 2226 0.0027191745125647957 0 0 2.928431659983944e-07 1.705612357442319e-07
372 2232 0.0027434297592989036 0 0 2.5292729349208025e-07 1.4726721995666867e-07
373 2238 0.0024407469991016254 0 0 2.128395494102911e-07 1.2394029805450096e-07
374 2244 0.001837171401692767 0 0 1.4427362798850273e-07 8.401212547683196e-08
375 2250 0.0014798211219420334 0 0 9.649224783328229e-08 5.6177866257291835e-08
376 2256 0.001246535823290255 0 0 6.471526607405779e-08 3.767034918595477e-08
377 2262 0.0014391727349532377 0 0 8.464390047822776e-08 4.922915497224823e-08
378 2268 0.0015543798197200896 0 0 8.350907189401195e-08 4.85557261386983e-08
379 2274 0.0017676260991985073 0 0 8.943163575329574e-08 5.2048736212723934e-08
380 2280 0.0014344002759273426 0 0 6.455628032263625e-08 3.7567339289234005e-08
381 2286 0.002120622621578955 0 0 1.0240391195581165e-07 5.956424740047784e-08
382 2292 0.0025196850934207093 0 0 1.2355517383052088e-07 7.185812324696244e-08
383 2298 0.002293103391178348 0 0 9.13193877062643e-08 5.314907891654674e-08
384 2304 0.002854814494908456 0 0 1.215170981467183e-07 7.078757451395293e-08
385 2310 0.0028015137705593974 0 0 1.0906749038561373e-07 6.354533851628253e-08
386 2316 0.0029132299238636646 0 0 1.0039174246797379e-07 5.845629115781807e-08
387 2322 0.0027642597624519378 0 0 9.674190774196504e-08 5.633087793948186e-08
388 2328 0.003527415642782551 0 0 1.2436361480831496e-07 7.235083736487726e-08
389 2334 0.0031952581181973823 0 0 1.0362155444514761e-07 6.035450263891066e-08
390 2340 0.002899040964390541 0 0 8.667146037478525e-08 5.049322128404281e-08
391 2346 0.002645180398604825 0 0 6.789824163921956e-08 3.9589622758696256e-08
392 2352 0.003030604872895755 0 0 8.551987969271962e-08 4.9787775412376826e-08
393 2358 0.003611059707487716 0 0 1.1026329955764209e-07 6.408448607162719e-08
394 2364 0.0040497932909196 0 0 1.1685191173797552e-07 6.786603413268322e-08
395 2370 0.003911482344058018 0 0 1.0607805902389805e-07 6.158034945060458e-08
396 2376 0.004570401773512952 0 0 1.1209690608369999e-07 6.506773819779158e-08
397 2382 0.004614409927258769 0 0 1.0337622468634183e-07 6.003886358673213e-08
398 2388 0.0035408746720979167 0 0 7.300945588824683e-08 4.234870784582739e-08
399 2394 0.0034629037192457626 0 0 7.411710000584795e-08 4.3001026203162835e-08
400 2400 0.0026613663796847676 0 0 4.709173619940123e-08 2.7353724554876625e-08
401 2406 0.002445698670402832 0 0 3.8271004821303296e-08 2.2258859655912323e-08
402 2412 0.0026028116955427055 0 0 3.716604086306423e-08 2.1655888622485548e-08
403 2418 0.0023340496635554787 0 0 3.238417129509482e-08 1.883448473634169e-08
404 2424 0.0026090227618814003 0 0 3.966853559578669e-08 2.3063877249854905e-08
405 2430 0.002470471711904423 0 0 3.383284216209512e-08 1.9634473916680484e-08
406 2436 0.0019137124077917937 0 0 2.515537651343398e-08 1.4594118943830732e-08
407 2442 0.001778542005463404 0 0 2.3468565714575702e-08 1.3612210305556087e-08
408 2448 0.0015607667847635663 0 0 1.7859760497251097e-08 1.0360328993149036e-08
409 2454 0.0014291291260438933 0 0 1.616798269985388e-08 9.379761297397315e-09
410 2460 0.001302654342312393 0 0 1.4881501827660583e-08 8.635499028399317e-09
411 2466 0.001055771793111683 0 0 1.3207961985438494e-08 7.661615476798696e-09
412 2472 0.0008616324587899934 0 0 1.0547476180113254e-08 6.1186332362319755e-09
413 2478 0.000900273890245021 0 0 1.137234857654139e-08 6.5904010426383e-09
414 2484 0.0008286500717996138 0 0 9.344028855206635e-09 5.417775079214998e-09
415 2490 0.0010723932590418084 0 0 1.0044437463271895e-08 5.829375221073052e-09
416 2496 0.0015096051715368264 0 0 1.4324351062696028e-08 8.28643740904615e-09
417 2502 0.002168544156062364 0 0 2.4655088653597978e-08 1.421818599737374e-08
418 2508 0.0020916951634310905 0 0 2.2489875001676806e-08 1.2976418622586836e-08
419 2514 0.0015771229610793568 0 0 1.5864192851859123e-08 9.162632760630173e-09
420 2520 0.0013538850476367032 0 0 1.3862455919573337e-08 8.007135280168233e-09
421 2526 0.0010650117366313126 0 0 1.0673823761797253e-08 6.169487593448679e-09
422 2532 0.0011472899965041757 0 0 1.0686009341028364e-08 6.173394993807147e-09
423 2538 0.0009153774854939791 0 0 8.224372008321886e-09 4.747974361946352e-09
424 2544 0.0006460328477089335 0 0 5.092686445827041e-09 2.93969985880316e-09
425 2550 0.000678182784903879 0 0 5.050574457563485e-09 2.9153933939877147e-09
426 2556 0.000656147804483242 0 0 4.335336210402941e-09 2.5039354799381464e-09
427 2562 0.0009980553014751448 0 0 6.409172901311909e-09 3.6993590359311695e-09
428 2568 0.0008945635683884462 0 0 5.531798900683005e-09 3.1908150186444368e-09
429 2574 0.0008839066395956113 0 0 5.511676529129204e-09 3.17615089371209e-09
430 2580 0.0010757838292130585 0 0 8.341707603729766e-09 4.8078918716791095e-09
431 2586 0.0011741940437315905 0 0 8.633296316701738e-09 4.982535957067737e-09
432 2592 0.0013260283116026306 0 0 7.915541329877855e-09 4.5661716413863154e-09
433 2598 0.0012791215735975477 0 0 8.284406420592304e-09 4.778361950822475e-09
434 2604 0.0013307793942728132 0 0 8.014186275281962e-09 4.6178694032044656e-09
435 2610 0.0010045312826689088 0 0 5.455564784162156e-09 3.1446003930604363e-09
436 2616 0.0008836995240767448 0 0 4.39739328926962e-09 2.5376320213830914e-09
437 2622 0.000743315996925833 0 0 3.2836261362315185e-09 1.8928555620230725e-09
438 2628 0.0005904767989782223 0 0 2.6360474929692206e-09 1.5191651041973563e-09
439 2634 0.0006057976501584246 0 0 3.0036225534463008e-09 1.7307190799739705e-09
440 2640 0.0005782144987536158 0 0 2.9727990238107964e-09 1.7120139300743337e-09
441 2646 0.0005073546705428134 0 0 2.4688533529137235e-09 1.422510617871908e-09
442 2652 0.0004898178074068141 0 0 1.9901932116202993e-09 1.1461324735044968e-09
443 2658 0.0005147466652974604 0 0 1.6747499020854561e-09 9.640729022453597e-10
444 2664 0.0004295827451457044 0 0 1.2740637487252814e-09 7.330083183457121e-10
445 2670 0.0003662251091874646 0 0 1.0652457609769038e-09 6.125814991542603e-10
446 2676 0.0003183504981027582 0 0 9.041197352576619e-10 5.198747918344856e-10
447 2682 0.00034432215237791697 0 0 1.1474903613919525e-09 6.604156346951498e-10
448 2688 0.0003805386128197589 0 0 1.180405465575891e-09 6.796496254344716e-10
449 2694 0.0003381599217745968 0 0 9.484193768825557e-10 5.457748255517742e-10
450 2700 0.0002908594317415246 0 0 8.355267795096528e-10 4.806942435463075e-10
451 2706 0.0003094494299785846 0 0 8.687336371177386e-10 4.994315599574678e-10
452 2712 0.0003786921387490935 0 0 1.1908333949181952e-09 6.85296805256259e-10
453 2718 0.00045269521922015876 0 0 1.760929939026239e-09 1.0131412011962e-09
454 2724 0.00038572468379018143 0 0 1.3670129098213974e-09 7.865839179121121e-10
455 2730 0.0003972983356218278 0 0 1.4105949364574835e-09 8.116047180881173e-10
456 2736 0.00035202755113739547 0 0 1.2293502141565036e-09 7.07618017416922e-10
457 2742 0.0003544524161816823 0 0 1.0331401691246714e-09 5.948617942887825e-10
458 2748 0.00047426097434613015 0 0 1.9012060259654148e-09 1.0948397075946139e-09
459 2754 0.0006257748620717659 0 0 2.994235611171192e-09 1.7244517840568544e-09
460 2760 0.0007316518330008911 0 0 3.539146525191268e-09 2.0383548192971555e-09
461 2766 0.0006124955134298738 0 0 2.6033892713672314e-09 1.499367564439443e-09
462 2772 0.0005317390808662903 0 0 2.100546968246997e-09 1.2098373859079708e-09
463 2778 0.0005675312997980662 0 0 2.237059647007987e-09 1.288290858132921e-09
464 2784 0.0004617718666019028 0 0 1.8114876340921784e-09 1.043219345312702e-09
465 2790 0.00037598510325325486 0 0 1.356087708994432e-09 7.808251225323523e-10
466 2796 0.0003189302954511188 0 0 1.0593125930286406e-09 6.099250254708949e-10
467 2802 0.00031236175290415866 0 0 1.070437458253086e-09 6.162619105864086e-10
468 2808 0.0002942326692917799 0 0 8.762462589925882e-10 5.045008756006605e-10
469 2814 0.0003567519534715252 0 0 9.346736787288896e-10 5.380372062688132e-10
470 2820 0.00030228733768529177 0 0 7.456494308368681e-10 4.2923715717507933e-10
471 2826 0.0003066143913870365 0 0 6.764039479946676e-10 3.8932375111105986e-10
472 2832 0.000366846949847485 0 0 6.506120122637613e-10 3.7450744706415526e-10
473 2838 0.0005831941950861609 0 0 1.1845727546708503e-09 6.821342773596909e-10
474 2844 0.000674128885213348 0 0 1.3105531194020188e-09 7.545448577850595e-10
475 2850 0.0005152279368316352 0 0 8.919758009825379e-10 5.137858171366589e-10
476 2856 0.0003809633550212211 0 0 6.331791584875444e-10 3.6475596756699906e-10
477 2862 0.00035216301076704704 0 0 5.413835212205564e-10 3.118011714019512e-10
478 2868 0.00036532870340810086 0 0 5.640606549102497e-10 3.249552615103135e-10
479 2874 0.0002847409135829019 0 0 4.2209512386007157e-10 2.431839692211257e-10
480 2880 0.0002533286163312334 0 0 3.673861525024118e-10 2.1168620488343843e-10
481 2886 0.0003332231648729691 0 0 5.548332926470725e-10 3.194760770395739e-10
482 2892 0.0002954702411086357 0 0 4.919967096318039e-10 2.8331549725967514e-10
483 2898 0.000297706704733662 0 0 5.196178168716181e-10 2.992730665126862e-10
484 2904 0.0003110497452786878 0 0 6.250907689516597e-10 3.599844943025395e-10
485 2910 0.00024454322107399565 0 0 4.83418147480976e-10 2.783594965548866e-10
486 2916 0.0002002175874489509 0 0 3.445443722629216e-10 1.983717336490974e-10
487 2922 0.00024429132134075657 0 0 4.39034601850238e-10 2.528340164180107e-10
488 2928 0.0002852923629372131 0 0 5.94113456624932e-10 3.420862571395293e-10
489 2934 0.00021104225793220187 0 0 3.8026473726591957e-10 2.189276910851934e-10
490 2940 0.00020007187042599941 0 0 3.1745457090998714e-10 1.8275469632839545e-10
491 2946 0.00022549183628669828 0 0 3.6841658280430996e-10 2.1213014725229144e-10
492 2952 0.0003885200881420203 0 0 6.727273536172358e-10 3.873596563385113e-10
493 2958 0.00041709930083048963 0 0 6.847505143577305e-10 3.942755994198516e-10
494 2964 0.00038194612116874087 0 0 5.567498615133012e-10 3.2057180688892296e-10
495 2970 0.0007752659459643215 0 0 1.1954329994683278e-09 6.881693123474749e-10
496 2976 0.000973108951932079 0 0 1.4919508534654453e-09 8.588108261346826e-10
497 2982 0.0009993779739265161 0 0 1.538209101271622e-09 8.85283918983422e-10
498 2988 0.0011455526370626197 0 0 1.674863364950765e-09 9.638050050988307e-10
499 2994 0.0012201316576479126 0 0 1.7013876900151803e-09 9.791726919505651e-10
500 3000 0.0009758064671699123 0 0 1.2504375686672907e-09 7.197208178862539e-10
501 3006 0.0013658319221460794 0 0 2.3419698929961392e-09 1.3477114016305216e-09
502 3012 0.0017270998647939179 0 0 3.403669473646284e-09 1.9590467124273137e-09
503 3018 0.0022155567405318277 0 0 4.5706015406456225e-09 2.6309132340049232e-09
504 3024 0.001836384226703191 0 0 3.6500441454735627e-09 2.1009145643626283e-09
505 3030 0.0027370497032762017 0 0 5.76554731825505e-09 3.318686098819216e-09
506 3036 0.002551750575050182 0 0 4.397663157325121e-09 2.5312340566782388e-09
507 3042 0.0025366114891235293 0 0 4.230187374188308e-09 2.4348400045303837e-09
508 3048 0.0021014938529176335 0 0 3.0257496109312825e-09 1.7415942480561565e-09
509 3054 0.0024554120869556607 0 0 3.580625168467838e-09 2.0613465085124092e-09
510 3060 0.0019366506231036033 0 0 2.6419411461903316e-09 1.5210907890152104e-09
511 3066 0.002056879454328354 0 0 2.6235118724938123e-09 1.5104149001603658e-09
512 3072 0.001849152409141194 0 0 2.3152422390879556e-09 1.3328980770241701e-09
513 3078 0.0014342898307346565 0 0 1.7296482264434663e-09 9.95845730443186e-10
514 3084 0.001474839430995629 0 0 1.686308158013798e-09 9.709550556220304e-10
515 3090 0.0012424001636173545 0 0 1.1274559894537637e-09 6.492132558416575e-10
516 3096 0.001055524681638841 0 0 8.49088406863703e-10 4.889657116095423e-10
517 3102 0.0008541383815203697 0 0 6.348204040458157e-10 3.6556047160020757e-10
518 3108 0.0007680779506392768 0 0 5.638985070695857e-10 3.247305753742032e-10
519 3114 0.0007459210956235823 0 0 5.03267416231047e-10 2.8984632511504537e-10
520 3120 0.000668651625357781 0 0 3.928329549239257e-10 2.2624609485214255e-10
521 3126 0.0008530798737813764 0 0 6.416895946735386e-10 3.6954792897063997e-10
522 3132 0.0008333085105384799 0 0 5.493450353344885e-10 3.163880400866523e-10
523 3138 0.0008497729817641375 0 0 5.7854336839262e-10 3.3319384677787674e-10
524 3144 0.0009027433705064084 0 0 6.351204530357904e-10 3.6580156781492314e-10
525 3150 0.0009160978388908497 0 0 5.746436710516579e-10 3.309623958996103e-10
526 3156 0.0008067538739878055 0 0 4.735589821884454e-10 2.727249165062704e-10
527 3162 0.0006773552102605003 0 0 4.075110756633496e-10 2.34679462052316e-10
528 3168 0.000561976057729255 0 0 2.876763361743172e-10 1.6567814797954859e-10
529 3174 0.0005865946897074657 0 0 3.2771935089001876e-10 1.8875528552465842e-10
530 3180 0.0004989336368932298 0 0 2.400184322272765e-10 1.3823658474321824e-10
531 3186 0.00043155614433420094 0 0 1.9948411142295104e-10 1.1489780630046779e-10
532 3192 0.0003810636973018631 0 0 1.482374583689431e-10 8.537797986852576e-11
533 3198 0.0004131283884412211 0 0 1.7580761097719203e-10 1.0125770296205717e-10
534 3204 0.0005466247556492393 0 0 2.926534045284023e-10 1.6855762877446593e-10
535 3210 0.00045349322136457415 0 0 2.143503044287299e-10 1.2345602688721624e-10
536 3216 0.0004100937013080124 0 0 1.8402024317207085e-10 1.0598988446196821e-10
537 3222 0.0006630085930411358 0 0 3.0412822413769494e-10 1.751684946664608e-10
538 3228 0.0006648350906302188 0 0 2.3740931092199287e-10 1.367365923928618e-10
539 3234 0.0007902480810422761 0 0 2.913306887618955e-10 1.6780396813286118e-10
540 3240 0.0008173173791373054 0 0 2.9144700317592603e-10 1.6787091049107509e-10
541 3246 0.0007645833872160584 0 0 2.7078709705915983e-10 1.5596745546388156e-10
542 3252 0.0005478507734370159 0 0 1.6175295574423866e-10 9.316372462359516e-11
543 3258 0.0005331474314504716 0 0 1.3759888855840598e-10 7.924851208078677e-11
544 3264 0.000637985253367083 0 0 2.0604827224939052e-10 1.186718990271512e-10
545 3270 0.0006354921443323674 0 0 1.8135735629575642e-10 1.044570541077175e-10
546 3276 0.0005487243343836104 0 0 1.4537517561902377e-10 8.373168849801426e-11
547 3282 0.0005875003423336233 0 0 1.4955478784869265e-10 8.614321408513281e-11
548 3288 0.0006340509446938834 0 0 1.8264113098649058e-10 1.0520439195090078e-10
549 3294 0.0007420876969544756 0 0 2.35948282031743e-10 1.3591554720719634e-10
550 3300 0.0005923634226893825 0 0 1.828621349475348e-10 1.0533837429623249e-10
551 3306 0.0005755054919160679 0 0 1.723599126662588e-10 9.928607835486537e-11
552 3312 0.0008379099026269369 0 0 3.059758816391497e-10 1.7626617225960527e-10
553 3318 0.001002332642273868 0 0 4.2747361846288813e-10 2.462571203456703e-10
554 3324 0.0010742084691738238 0 0 4.684635808489711e-10 2.698748168844334e-10
555 3330 0.0011149789254574333 0 0 4.6518477755133914e-10 2.679856318441315e-10
556 3336 0.0011588061277564032 0 0 4.988865008246914e-10 2.87397203919165e-10
557 3342 0.0011545693293153162 0 0 4.87838909297826e-10 2.8103590795205975e-10
558 3348 0.001091286397772976 0 0 4.5682701106545814e-10 2.631690700473751e-10
559 3354 0.0008228849252024564 0 0 2.8222508598373927e-10 1.6258524444028978e-10
560 3360 0.0006437593110561459 0 0 1.819339194832983e-10 1.0480778662463821e-10
561 3366 0.0005404493884746858 0 0 1.450855257350437e-10 8.35793416963404e-11
562 3372 0.0005436576128837329 0 0 1.227051606678961e-10 7.068607384451602e-11
563 3378 0.0005612659785806301 0 0 1.0606952063189015e-10 6.110113209575433e-11
564 3384 0.0004346979658250896 0 0 7.829537347945666e-11 4.510200573503026e-11
565 3390 0.0003666517781714993 0 0 5.745586094566863e-11 3.309787672975999e-11
566 3396 0.00037541540371430193 0 0 6.418038489062694e-11 3.697335783055344e-11
567 3402 0.00034326213140939264 0 0 4.910927789168354e-11 2.829097645367755e-11
568 3408 0.00039147069716857443 0 0 6.612196903792449e-11 3.809318472569738e-11
569 3414 0.00045597826197544736 0 0 7.44924849251136e-11 4.291327233685761e-11
570 3420 0.0004041077782041916 0 0 6.234635148857262e-11 3.591593717625032e-11
571 3426 0.00032186986408394103 0 0 4.435221925979014e-11 2.5550551646385862e-11
572 3432 0.0005143337699515605 0 0 8.645511212437084e-11 4.98045023537561e-11
573 3438 0.0006148243894644694 0 0 9.927994637308127e-11 5.719254967941065e-11
574 3444 0.0008246679549023784 0 0 1.5917061375328858e-10 9.169243039603478e-11
575 3450 0.0006660091522744742 0 0 1.1971646144971522e-10 6.89642373881228e-11
576 3456 0.0006047776446546086 0 0 1.0583393314639017e-10 6.09675328065162e-11
577 3462 0.0004661630549423889 0 0 7.271985594561575e-11 4.189127565408817e-11
578 3468 0.0006785455501933072 0 0 9.407752633619648e-11 5.419415709767461e-11
579 3474 0.0005021093295793347 0 0 6.149909608089025e-11 3.542722271303801e-11
580 3480 0.000527870490503081 0 0 6.27325403627553e-11 3.6138632736858644e-11
581 3486 0.0005877929660056675 0 0 8.107482001618343e-11 4.670389879310044e-11
582 3492 0.0005225410862730068 0 0 6.241888863980375e-11 3.595716333485034e-11
583 3498 0.0005599265888995687 0 0 5.6222443977498163e-11 3.238797542165836e-11
584 3504 0.0007884625841580501 0 0 1.0485704981634325e-10 6.040594796007061e-11
585 3510 0.0011051873238234256 0 0 2.1145465053107233e-10 1.2181093034261924e-10
586 3516 0.0009730586202092386 0 0 1.7232004886672515e-10 9.926651632668505e-11
587 3522 0.0009182510139596579 0 0 1.6819879034221683e-10 9.689215144600897e-11
588 3528 0.0008184613161678651 0 0 1.5442312686629403e-10 8.895680488734645e-11
589 3534 0.0007682819476537342 0 0 1.5648586106465815e-10 9.014482853411983e-11
590 3540 0.0008614067534462326 0 0 2.0340309716223386e-10 1.1717211835779086e-10
591 3546 0.0007299594453760856 0 0 1.4796558644012017e-10 8.523669742475894e-11
592 3552 0.0010727085408374054 0 0 3.1901520605667396e-10 1.8376983208152297e-10
593 3558 0.0009571210460300596 0 0 2.795495405758717e-10 1.6103560218682492e-10
594 3564 0.0009401693271487959 0 0 2.577321695880054e-10 1.4846774464259903e-10
595 3570 0.0009424615095958634 0 0 2.2657182099883394e-10 1.305182180936643e-10
596 3576 0.0007419541737016804 0 0 1.5844059740497276e-10 9.127088058297941e-11
597 3582 0.0006527810527680009 0 0 1.335268444119567e-10 7.69190995927376e-11
598 3588 0.0006523845616852906 0 0 1.1721873642126637e-10 6.752433936134316e-11
599 3594 0.0006464420129748017 0 0 1.2935265070625111e-10 7.451390682963508e-11
600 3600 0.0007181929913058102 0 0 1.5963631252974807e-10 9.195884526066189e-11
601 3606 0.0006895054126721025 0 0 1.5522702353186693e-10 8.941891371936527e-11
602 3612 0.0010560136662966049 0 0 2.5337112429437944e-10 1.459552247514971e-10
603 3618 0.0010816077512481675 0 0 2.528415627968646e-10 1.4565000807819324e-10
604 3624 0.000938929497173268 0 0 2.2899140713642873e-10 1.3191123663738862e-10
605 3630 0.000869904878231682 0 0 2.2532619190327664e-10 1.2979974842793997e-10
605 3630 0.000869904878231682 0 0 2.2532619190327664e-10 1.2979974842793997e-10
