% # columns="iteration, evaluation, void, void, void, xmean", seed=448579, Wed May 20 15:09:51 2026, <python>{}</python> # scaling_of_variables: 1, typical_x: 0
1 6 0 0 0 0.10628231070541391 0.7372715865856946
2 12 0 0 0 0.49749946062175743 0.6217111496020223
3 18 0 0 0 0.7750967113209617 0.775419698808071
4 24 0 0 0 1.5200403190881764 0.6384376652550482
5 30 0 0 0 1.0873797165354124 0.6297441549686017
6 36 0 0 0 1.2981129890730947 0.565396466029644
7 42 0 0 0 2.1323975630274177 0.6655699457536047
8 48 0 0 0 1.9584888809920762 0.7845646647228639
9 54 0 0 0 1.1732777973768806 0.4978893835770536
10 60 0 0 0 1.187112360284709 0.4394723611551509
11 66 0 0 0 0.7746791871298858 0.4241607721341132
12 72 0 0 0 0.7010804820025183 0.43583511127512553
13 78 0 0 0 1.112333623396363 0.3615771035887115
14 84 0 0 0 1.35979809480868 0.4513616959447488
15 90 0 0 0 1.4984252704931926 0.33995817628231123
16 96 0 0 0 1.1543653328854036 0.271522656157346
17 102 0 0 0 0.854460021412675 0.19856118387560323
18 108 0 0 0 0.3533045041736082 0.054408371764674376
19 114 0 0 0 0.5253101396819221 0.08093586269274256
20 120 0 0 0 1.5867121799730806 0.4419952578143179
21 126 0 0 0 2.6377624096160384 0.8254203784859264
22 132 0 0 0 3.071174059072529 0.90915386092958
23 138 0 0 0 3.5275536067941062 1.0468156047134196
24 144 0 0 0 2.2562534337762816 0.6570583767223834
25 150 0 0 0 2.073628706997393 0.6213092060094542
26 156 0 0 0 3.0025151107041013 0.8725572732046285
27 162 0 0 0 2.5848215903295744 0.7237808119428351
28 168 0 0 0 2.1037265505632967 0.5128998892892145
29 174 0 0 0 1.5971064201397551 0.3461861400071204
30 180 0 0 0 1.7326144122310436 0.3079142904819286
31 186 0 0 0 2.2890396434910167 0.5855698737609862
32 192 0 0 0 0.9700085381758698 0.15128699793310077
33 198 0 0 0 0.9480503647732719 0.12739955326349053
34 204 0 0 0 1.4906127109099467 0.31368096605412255
35 210 0 0 0 1.7408820743469133 0.33283145156350763
36 216 0 0 0 0.9471575777892768 0.0349234642193411
37 222 0 0 0 0.07636644452205198 -0.35428977658714844
38 228 0 0 0 0.7166488827239528 -0.0344410120725855
39 234 0 0 0 1.7046138374394915 0.3720635091397776
40 240 0 0 0 2.0554849882221555 0.4916545621564987
41 246 0 0 0 2.0410642771071945 0.5570685434175505
42 252 0 0 0 2.12127057320151 0.5587591945705667
43 258 0 0 0 2.030384657427699 0.5279405773818063
44 264 0 0 0 2.0701591516171622 0.5576025700050151
45 270 0 0 0 2.2857942793853727 0.6740568093049283
46 276 0 0 0 2.2390490698223244 0.6540100664930192
47 282 0 0 0 2.4210788191932844 0.748122384174434
48 288 0 0 0 2.4681865474223312 0.7669059047199986
49 294 0 0 0 2.6213388459206572 0.8451727263658496
50 300 0 0 0 2.8601438753881423 0.9703393814229259
51 306 0 0 0 2.835774094937822 0.9509433471757591
52 312 0 0 0 2.941062625437819 1.0138926591706894
53 318 0 0 0 3.051790404255258 1.0819007836786714
54 324 0 0 0 2.8240084011522484 0.9511382383495978
55 330 0 0 0 3.0516789965337874 1.0669296229434508
56 336 0 0 0 2.8349546902569807 0.9553156260986432
57 342 0 0 0 2.729295657727673 0.8996370597378663
58 348 0 0 0 2.970962704709549 1.0241979394111882
59 354 0 0 0 2.828087773216269 0.9487981664540007
60 360 0 0 0 2.9060977138946864 0.9854211314427569
61 366 0 0 0 2.80670501350066 0.9329732217005376
62 372 0 0 0 2.789319178598033 0.9257276374493797
63 378 0 0 0 2.831461338036686 0.9470566602735744
64 384 0 0 0 2.89025698715464 0.9776526225878711
65 390 0 0 0 2.9214603951514064 0.9934317113024704
66 396 0 0 0 2.8985109515065264 0.9823750877948969
67 402 0 0 0 2.8805835170148804 0.9717720458794361
68 408 0 0 0 2.905584437120562 0.9864906130312379
69 414 0 0 0 2.923542859943705 0.996858196364935
70 420 0 0 0 2.8979291044408693 0.9824074350145547
71 426 0 0 0 2.8809411953472153 0.9729456438976799
72 432 0 0 0 2.8689564968414247 0.965006307519868
73 438 0 0 0 2.8631158915285435 0.9615781193421069
74 444 0 0 0 2.827620907768253 0.9415508072504456
75 450 0 0 0 2.8105449297644243 0.9301074825429594
76 456 0 0 0 2.822000967832416 0.936919174289302
77 462 0 0 0 2.7886420801818352 0.9183838118421436
78 468 0 0 0 2.8437984747973335 0.9501842333261217
79 474 0 0 0 2.898216673928601 0.9805692646577883
80 480 0 0 0 2.866281669184024 0.9634122691658115
81 486 0 0 0 2.92920063090509 0.9989861716246544
82 492 0 0 0 2.916181981632075 0.9912104675031974
83 498 0 0 0 2.905839804602851 0.9852115899917006
84 504 0 0 0 2.9312931495791923 1.0001134517316022
85 510 0 0 0 2.8985125761661443 0.9817212665373204
86 516 0 0 0 2.9295266026700526 1.0000265279438054
87 522 0 0 0 2.859184078536927 0.9598231373662434
88 528 0 0 0 2.844178447899654 0.9512353759376564
89 534 0 0 0 2.891123671975296 0.9774245971277462
90 540 0 0 0 2.9695190126993456 1.0225493129879772
91 546 0 0 0 2.9275641340330276 0.9987065074385455
92 552 0 0 0 2.930316224576654 1.0004821712505347
93 558 0 0 0 2.95014066069653 1.0115794961808262
94 564 0 0 0 2.9272465098079126 0.9985218868825743
95 570 0 0 0 2.9270857695213954 0.9988025739593125
96 576 0 0 0 2.9196643736712455 0.9945065511360057
97 582 0 0 0 2.907165728105248 0.9871294547305818
98 588 0 0 0 2.9326175215293175 1.0016029190986155
99 594 0 0 0 2.9256123229100046 0.9975614106392965
100 600 0 0 0 2.9182154289773807 0.992981499527001
101 606 0 0 0 2.942867772785563 1.0068748894819084
102 612 0 0 0 2.9176930613317227 0.9920964348275785
103 618 0 0 0 2.9295466252569646 0.9990414277025856
104 624 0 0 0 2.9289728287168137 0.9984453214300781
105 630 0 0 0 2.9338203303686714 1.0013751915349076
106 636 0 0 0 2.938875094572584 1.0042700534309101
107 642 0 0 0 2.9385881269553122 1.003973187052013
108 648 0 0 0 2.9448410089602612 1.007637425340795
109 654 0 0 0 2.9422055197058423 1.005935554859063
110 660 0 0 0 2.9353837182235423 1.0022036920480408
111 666 0 0 0 2.9312418550546924 0.9999669614301735
112 672 0 0 0 2.9320112110349363 1.0003129985445394
113 678 0 0 0 2.930883254529937 0.9996652137672738
114 684 0 0 0 2.9273616846754553 0.9976191159573781
115 690 0 0 0 2.924679429512491 0.9961725596021288
116 696 0 0 0 2.924804254793733 0.9962187723621595
117 702 0 0 0 2.9231379368939154 0.9952839000643497
118 708 0 0 0 2.92309404708559 0.9952661744933302
119 714 0 0 0 2.9234427665766356 0.9954564636995809
120 720 0 0 0 2.923685899038066 0.9956015720604131
121 726 0 0 0 2.9238988554827112 0.9957221611499083
122 732 0 0 0 2.923393886129009 0.9954239061816988
123 738 0 0 0 2.9224412778416924 0.9948801280359738
124 744 0 0 0 2.923190113595537 0.9953228434343154
125 750 0 0 0 2.922943847749592 0.9951867446799851
126 756 0 0 0 2.9226673305727684 0.9950288531777708
127 762 0 0 0 2.9228181855600703 0.9951054629742874
128 768 0 0 0 2.9235113397256813 0.9954978913800927
129 774 0 0 0 2.9244810589325767 0.9960435427193948
130 780 0 0 0 2.923906265932277 0.995721120438653
131 786 0 0 0 2.922614883341938 0.9950004366326735
132 792 0 0 0 2.9235490237555655 0.995522359568552
133 798 0 0 0 2.9232381729814136 0.9953421526229554
134 804 0 0 0 2.9230728500914918 0.9952531115549768
135 810 0 0 0 2.922852812674892 0.9951346810940785
136 816 0 0 0 2.9223735310676546 0.9948630393711958
137 822 0 0 0 2.9224409645990983 0.9948984203466481
138 828 0 0 0 2.9225343820543497 0.9949489156171161
139 834 0 0 0 2.923113406522695 0.9952715659459567
140 840 0 0 0 2.923154673533093 0.9952945377078257
141 846 0 0 0 2.922480351356159 0.9949222749674917
142 852 0 0 0 2.9216803391419064 0.9944753741911935
143 858 0 0 0 2.92225833694865 0.9947966502553743
144 864 0 0 0 2.921802639434195 0.9945415761456986
145 870 0 0 0 2.9226451849641206 0.9950082345420233
146 876 0 0 0 2.922553424756451 0.9949576670137968
147 882 0 0 0 2.922205099309999 0.9947606877138131
148 888 0 0 0 2.9217829457241846 0.9945264942794838
149 894 0 0 0 2.9223330074071603 0.9948320102226669
150 900 0 0 0 2.922417915720912 0.9948789593861179
151 906 0 0 0 2.922450947106652 0.9948946472672988
152 912 0 0 0 2.9224190001827055 0.994874622102405
153 918 0 0 0 2.922736984011812 0.995051641793967
154 924 0 0 0 2.9226904297939127 0.9950254656583366
155 930 0 0 0 2.9228272197531675 0.9951008631243298
156 936 0 0 0 2.922975623880304 0.995183630237893
157 942 0 0 0 2.9230084384202035 0.9952010713370613
158 948 0 0 0 2.923086540133377 0.9952437514338
159 954 0 0 0 2.923031859326627 0.995212027933831
160 960 0 0 0 2.9229249547807488 0.9951527847377941
161 966 0 0 0 2.9228278653869455 0.9950991275383725
162 972 0 0 0 2.922600026914263 0.9949717729157972
163 978 0 0 0 2.922643460819773 0.994994756061857
164 984 0 0 0 2.922403469167371 0.9948622045404759
165 990 0 0 0 2.922906021167968 0.9951418246292323
166 996 0 0 0 2.922418261617616 0.9948695415144457
167 1002 0 0 0 2.9220811460940386 0.99468026492692
168 1008 0 0 0 2.92222707699136 0.9947603980705277
169 1014 0 0 0 2.922146465313787 0.9947166665625132
170 1020 0 0 0 2.9225227892700367 0.9949267959373717
171 1026 0 0 0 2.922329120224911 0.9948199676564087
172 1032 0 0 0 2.922348050324931 0.9948306830619429
173 1038 0 0 0 2.9223725134993623 0.9948441219781683
174 1044 0 0 0 2.922338840412118 0.9948244232318345
175 1050 0 0 0 2.922324864042741 0.9948161643351012
176 1056 0 0 0 2.9224290809072966 0.9948745551214895
177 1062 0 0 0 2.922411095502124 0.9948643695007279
178 1068 0 0 0 2.9224337218494005 0.9948769913204657
179 1074 0 0 0 2.9224454852273145 0.9948839016584303
180 1080 0 0 0 2.922483197700681 0.9949048756813397
181 1086 0 0 0 2.922485807107438 0.9949064168786956
182 1092 0 0 0 2.922460642936864 0.9948925609820108
183 1098 0 0 0 2.9224404348691952 0.994881067680044
184 1104 0 0 0 2.9224266603989206 0.9948730995248429
185 1110 0 0 0 2.922458005125056 0.9948906160470339
186 1116 0 0 0 2.9224693935129484 0.9948969638735039
187 1122 0 0 0 2.922457530243153 0.9948905312120717
188 1128 0 0 0 2.9224650354425035 0.9948945352919415
189 1134 0 0 0 2.9224835724819087 0.9949049713323839
190 1140 0 0 0 2.922472757128668 0.994899076077287
191 1146 0 0 0 2.922459239122228 0.994891217530626
192 1152 0 0 0 2.9224511991518396 0.9948865297310764
193 1158 0 0 0 2.9224680695589886 0.9948959841517828
194 1164 0 0 0 2.922474923398559 0.9948996563947112
195 1170 0 0 0 2.922483546919749 0.9949047945529994
196 1176 0 0 0 2.922501909947512 0.9949148332124016
197 1182 0 0 0 2.9224803363723053 0.9949028830784771
198 1188 0 0 0 2.922464518734749 0.9948939211291293
199 1194 0 0 0 2.9224759773153877 0.9949003918518476
200 1200 0 0 0 2.922479329178075 0.9949022866616969
201 1206 0 0 0 2.9224827355141514 0.9949042044058152
202 1212 0 0 0 2.922486952003927 0.994906631321263
203 1218 0 0 0 2.9224862809016705 0.994906326021861
204 1224 0 0 0 2.9224810821823763 0.994903387443711
205 1230 0 0 0 2.9224820891871186 0.9949038693675922
206 1236 0 0 0 2.9224882803383996 0.9949073570783395
207 1242 0 0 0 2.922492321013191 0.9949095767038492
208 1248 0 0 0 2.9224917652630222 0.994909204588925
209 1254 0 0 0 2.922490363559745 0.9949084313834444
210 1260 0 0 0 2.9224893401732106 0.9949078994887117
211 1266 0 0 0 2.9224915523604884 0.9949090932465627
212 1272 0 0 0 2.922491878735124 0.9949093015142614
213 1278 0 0 0 2.9224919419146107 0.994909294337655
214 1284 0 0 0 2.9224917604722536 0.9949091473053148
215 1290 0 0 0 2.9224905482273846 0.9949083928953524
216 1296 0 0 0 2.922491742867471 0.9949090759469351
217 1302 0 0 0 2.9224921521556384 0.9949094202639259
218 1308 0 0 0 2.9224927802649585 0.9949099028837555
219 1314 0 0 0 2.9224922017386183 0.9949095126403178
220 1320 0 0 0 2.9224931647954504 0.9949098981137634
221 1326 0 0 0 2.9224940635438017 0.9949105123015785
222 1332 0 0 0 2.9224921729613635 0.9949095140765548
223 1338 0 0 0 2.9224911577128565 0.9949088025209489
224 1344 0 0 0 2.922489873420485 0.9949080009473706
225 1350 0 0 0 2.922490090460614 0.9949081002103592
226 1356 0 0 0 2.9224883166375424 0.994906977676427
227 1362 0 0 0 2.9224867988343175 0.9949062116587791
228 1368 0 0 0 2.922483587819594 0.9949044458265106
229 1374 0 0 0 2.9224850993186244 0.994905271145924
230 1380 0 0 0 2.922485294132409 0.9949054180102448
231 1386 0 0 0 2.9224841772654053 0.9949046958583554
232 1392 0 0 0 2.922481402822949 0.994903147907942
233 1398 0 0 0 2.9224828442474755 0.9949039636283932
234 1404 0 0 0 2.9224828022351224 0.9949039487650408
235 1410 0 0 0 2.922482007861515 0.9949034857351977
236 1416 0 0 0 2.9224815561256263 0.994903213508302
237 1422 0 0 0 2.9224816284153254 0.9949032487732902
238 1428 0 0 0 2.9224819256135772 0.9949034311522593
239 1434 0 0 0 2.922482498124518 0.9949037695309592
240 1440 0 0 0 2.9224820743436344 0.9949035234183372
241 1446 0 0 0 2.922482249983846 0.994903622136193
242 1452 0 0 0 2.922482116467072 0.994903554175075
243 1458 0 0 0 2.9224822818992306 0.994903658316652
244 1464 0 0 0 2.922482133583797 0.9949035814142142
245 1470 0 0 0 2.922482217035185 0.9949036478875022
246 1476 0 0 0 2.922481740700594 0.9949033481508675
247 1482 0 0 0 2.9224821998110415 0.994903622923082
248 1488 0 0 0 2.922482104192199 0.9949035503419759
249 1494 0 0 0 2.9224816175460884 0.9949032728096489
250 1500 0 0 0 2.922481810068452 0.9949033824223523
251 1506 0 0 0 2.9224814370297083 0.994903169644296
252 1512 0 0 0 2.92248135280056 0.9949031317753317
253 1518 0 0 0 2.9224818691208037 0.9949034280613888
254 1524 0 0 0 2.9224816298841425 0.9949032924041858
255 1530 0 0 0 2.922481703732347 0.9949033416133864
256 1536 0 0 0 2.922481785790764 0.9949033855548426
257 1542 0 0 0 2.9224820006764682 0.9949035073555432
258 1548 0 0 0 2.922482263553983 0.9949036594478884
259 1554 0 0 0 2.922482230662675 0.9949036376276769
260 1560 0 0 0 2.922482407838021 0.9949037432658281
261 1566 0 0 0 2.922482625877847 0.9949038684946311
262 1572 0 0 0 2.9224825884836543 0.9949038460705227
263 1578 0 0 0 2.9224823064717627 0.9949036856427272
264 1584 0 0 0 2.922482315499 0.9949036905697584
265 1590 0 0 0 2.922482494847382 0.9949037924101594
266 1596 0 0 0 2.9224825471160907 0.9949038239086369
267 1602 0 0 0 2.92248268302355 0.9949039026116375
268 1608 0 0 0 2.9224828150996514 0.9949039768353789
269 1614 0 0 0 2.922482978937552 0.9949040719559532
270 1620 0 0 0 2.922483006746151 0.9949040894855828
271 1626 0 0 0 2.9224830967201054 0.9949041402960369
272 1632 0 0 0 2.9224831892430108 0.9949041967311497
273 1638 0 0 0 2.9224831670035467 0.9949041781047728
274 1644 0 0 0 2.922483051383536 0.9949041158553239
275 1650 0 0 0 2.922483004638849 0.9949040884992447
276 1656 0 0 0 2.922483138878414 0.9949041674005231
277 1662 0 0 0 2.922482931363049 0.9949040464995914
278 1668 0 0 0 2.922483054777316 0.9949041190646601
279 1674 0 0 0 2.922483188819817 0.9949041960993656
280 1680 0 0 0 2.9224832456215557 0.9949042278412517
281 1686 0 0 0 2.9224832820065227 0.9949042485579815
282 1692 0 0 0 2.9224832398777467 0.9949042244724288
283 1698 0 0 0 2.9224833310904925 0.9949042782184175
284 1704 0 0 0 2.922483400603398 0.9949043195793313
285 1710 0 0 0 2.9224835515614593 0.9949044091178607
286 1716 0 0 0 2.9224835717414956 0.9949044204970022
287 1722 0 0 0 2.922483253043386 0.9949042346063381
288 1728 0 0 0 2.9224833171590663 0.994904271098452
289 1734 0 0 0 2.9224832794825044 0.994904249178623
290 1740 0 0 0 2.9224832799417295 0.9949042494413137
291 1746 0 0 0 2.9224832977999946 0.9949042596982709
292 1752 0 0 0 2.922483359497738 0.9949042957988629
293 1758 0 0 0 2.922483401086583 0.9949043198041868
294 1764 0 0 0 2.9224834467959337 0.9949043463919496
295 1770 0 0 0 2.9224834023951365 0.9949043208731372
296 1776 0 0 0 2.9224834427681072 0.9949043440855246
297 1782 0 0 0 2.922483402450842 0.9949043204875119
298 1788 0 0 0 2.9224833393583864 0.994904283632408
299 1794 0 0 0 2.9224832866820436 0.9949042534293564
300 1800 0 0 0 2.922483243800574 0.9949042291278991
301 1806 0 0 0 2.922483289850031 0.9949042558619348
302 1812 0 0 0 2.922483133780894 0.994904166042247
303 1818 0 0 0 2.9224832754650936 0.9949042485353518
304 1824 0 0 0 2.9224829137700223 0.9949040407148074
305 1830 0 0 0 2.922482957436445 0.9949040649608787
306 1836 0 0 0 2.9224832981596833 0.9949042628241872
307 1842 0 0 0 2.922483514536324 0.9949043874136145
308 1848 0 0 0 2.922483936497806 0.9949046318269953
309 1854 0 0 0 2.9224841094620433 0.9949047304740067
310 1860 0 0 0 2.922483878353061 0.9949045967923142
311 1866 0 0 0 2.922483424587781 0.9949043344259257
312 1872 0 0 0 2.9224832339951297 0.9949042243862816
313 1878 0 0 0 2.9224831413853103 0.9949041701870588
314 1884 0 0 0 2.9224827844149965 0.9949039634225951
315 1890 0 0 0 2.9224830774772435 0.994904133523258
316 1896 0 0 0 2.9224828367844853 0.9949039945392762
317 1902 0 0 0 2.922482853947751 0.9949040045430798
318 1908 0 0 0 2.922482835600016 0.9949039937391784
319 1914 0 0 0 2.9224828478271414 0.9949040008282428
320 1920 0 0 0 2.9224829633813645 0.994904067466974
321 1926 0 0 0 2.9224829752369836 0.9949040740800328
322 1932 0 0 0 2.922483047549914 0.9949041162986444
323 1938 0 0 0 2.9224830506102575 0.9949041176982328
324 1944 0 0 0 2.92248310076145 0.9949041467437068
325 1950 0 0 0 2.9224831318445967 0.9949041648699044
326 1956 0 0 0 2.9224830659805527 0.9949041264429268
327 1962 0 0 0 2.9224830567308757 0.9949041210068829
328 1968 0 0 0 2.922482979208941 0.9949040761189478
329 1974 0 0 0 2.9224829597073607 0.9949040647561449
330 1980 0 0 0 2.9224829660552127 0.9949040682506832
331 1986 0 0 0 2.922482954342268 0.9949040612584047
332 1992 0 0 0 2.9224829427756167 0.9949040543209315
333 1998 0 0 0 2.9224827945882312 0.9949039684923684
334 2004 0 0 0 2.9224827908992137 0.9949039655108891
335 2010 0 0 0 2.922482765961383 0.9949039520397456
336 2016 0 0 0 2.9224825570662865 0.994903830251294
337 2022 0 0 0 2.9224824983456164 0.994903795853474
338 2028 0 0 0 2.922482343061971 0.9949037056780451
339 2034 0 0 0 2.9224821709431317 0.9949036056729259
340 2040 0 0 0 2.922482493778918 0.9949037941590158
341 2046 0 0 0 2.922482467636029 0.994903779414732
342 2052 0 0 0 2.9224826561759443 0.9949038890813896
343 2058 0 0 0 2.922482463447592 0.9949037768132247
344 2064 0 0 0 2.922482508893689 0.9949038038459111
345 2070 0 0 0 2.922482315924901 0.9949036909043367
346 2076 0 0 0 2.9224822603473797 0.994903658332268
347 2082 0 0 0 2.9224821232079914 0.9949035781679646
348 2088 0 0 0 2.922482357139096 0.9949037146207171
349 2094 0 0 0 2.9224823349380147 0.9949037015851984
350 2100 0 0 0 2.922482238845937 0.994903645880197
351 2106 0 0 0 2.922482189525654 0.9949036170932304
352 2112 0 0 0 2.9224822425017543 0.9949036483401492
353 2118 0 0 0 2.922482083821432 0.9949035561933042
354 2124 0 0 0 2.9224819652118654 0.9949034873191613
355 2130 0 0 0 2.9224816088563212 0.9949032798761014
356 2136 0 0 0 2.9224814446860816 0.9949031841726009
357 2142 0 0 0 2.9224816337171355 0.9949032943057001
358 2148 0 0 0 2.922481516265751 0.9949032257441675
359 2154 0 0 0 2.9224814007331403 0.9949031588404315
360 2160 0 0 0 2.922481317780472 0.9949031104201859
361 2166 0 0 0 2.9224815452276403 0.9949032427585848
362 2172 0 0 0 2.922481259897225 0.9949030768162274
363 2178 0 0 0 2.9224814656249958 0.9949031964436941
364 2184 0 0 0 2.922481551032798 0.9949032462181605
365 2190 0 0 0 2.9224813345693597 0.9949031201498333
366 2196 0 0 0 2.9224816178180997 0.9949032850728216
367 2202 0 0 0 2.9224817669269774 0.9949033719638786
368 2208 0 0 0 2.922481706523801 0.9949033369162222
369 2214 0 0 0 2.922481828680507 0.9949034082803486
370 2220 0 0 0 2.922481780758061 0.9949033803649232
371 2226 0 0 0 2.922482016807146 0.994903517789189
372 2232 0 0 0 2.922481985466469 0.9949034993114317
373 2238 0 0 0 2.9224821040900952 0.9949035684086776
374 2244 0 0 0 2.9224820049473386 0.9949035106932642
375 2250 0 0 0 2.9224819972576035 0.9949035061692716
376 2256 0 0 0 2.922482000721887 0.994903508148931
377 2262 0 0 0 2.9224819339163743 0.9949034693572076
378 2268 0 0 0 2.9224819469956214 0.9949034768170093
379 2274 0 0 0 2.92248189057081 0.9949034439364851
380 2280 0 0 0 2.9224819486105713 0.9949034777414427
381 2286 0 0 0 2.9224820221145 0.9949035203459272
382 2292 0 0 0 2.922482064374015 0.9949035448527287
383 2298 0 0 0 2.922482080971377 0.9949035546797316
384 2304 0 0 0 2.922482166951538 0.9949036048672543
385 2310 0 0 0 2.9224821141845 0.9949035742394009
386 2316 0 0 0 2.9224821397293135 0.9949035887903122
387 2322 0 0 0 2.9224820938440232 0.9949035619865805
388 2328 0 0 0 2.922482173504433 0.9949036081051859
389 2334 0 0 0 2.9224822219448416 0.9949036365704339
390 2340 0 0 0 2.922482143105029 0.9949035904709319
391 2346 0 0 0 2.9224821269351597 0.9949035809530327
392 2352 0 0 0 2.9224822175426386 0.9949036336980819
393 2358 0 0 0 2.9224822709504266 0.9949036646330545
394 2364 0 0 0 2.922482326335341 0.9949036967009075
395 2370 0 0 0 2.9224823801733737 0.9949037280823305
396 2376 0 0 0 2.922482403986479 0.9949037415590644
397 2382 0 0 0 2.9224823120145547 0.994903688066819
398 2388 0 0 0 2.922482313275899 0.9949036889805759
399 2394 0 0 0 2.922482384320505 0.9949037302379731
400 2400 0 0 0 2.9224823626165626 0.9949037175694966
401 2406 0 0 0 2.9224823821372246 0.994903729036346
402 2412 0 0 0 2.9224823694203796 0.9949037214085206
403 2418 0 0 0 2.922482352824252 0.9949037119231676
404 2424 0 0 0 2.92248231896221 0.9949036922219447
405 2430 0 0 0 2.9224823331804117 0.9949037003397447
406 2436 0 0 0 2.922482341646335 0.994903705270614
407 2442 0 0 0 2.922482359317859 0.9949037155290722
408 2448 0 0 0 2.922482353566553 0.994903712248853
409 2454 0 0 0 2.9224823644465863 0.9949037185132471
410 2460 0 0 0 2.9224823545866987 0.9949037127627544
411 2466 0 0 0 2.922482362267053 0.9949037172243886
412 2472 0 0 0 2.922482354728775 0.9949037128497502
413 2478 0 0 0 2.922482346521031 0.9949037081039278
414 2484 0 0 0 2.9224823456726585 0.9949037075918741
415 2490 0 0 0 2.922482345618145 0.9949037075282523
416 2496 0 0 0 2.922482353708833 0.9949037121823456
417 2502 0 0 0 2.9224823677832177 0.9949037202803571
418 2508 0 0 0 2.9224823683405945 0.994903720705786
419 2514 0 0 0 2.9224823675443643 0.99490372022688
420 2520 0 0 0 2.9224823718297412 0.9949037227247649
421 2526 0 0 0 2.922482365921802 0.9949037193124395
422 2532 0 0 0 2.922482360087009 0.9949037159625689
423 2538 0 0 0 2.922482366915652 0.9949037198920807
424 2544 0 0 0 2.922482365540355 0.9949037190998342
425 2550 0 0 0 2.9224823660725328 0.9949037193926433
426 2556 0 0 0 2.922482365245414 0.9949037189093789
427 2562 0 0 0 2.9224823665410264 0.9949037196341478
428 2568 0 0 0 2.9224823631876293 0.9949037177065894
429 2574 0 0 0 2.9224823593019384 0.9949037154634601
430 2580 0 0 0 2.922482353193114 0.9949037119487574
431 2586 0 0 0 2.9224823627626857 0.9949037174816564
432 2592 0 0 0 2.9224823603932 0.9949037161314186
433 2598 0 0 0 2.9224823674431435 0.9949037201869175
434 2604 0 0 0 2.9224823722911695 0.994903722971231
435 2610 0 0 0 2.92248236795976 0.994903720476285
436 2616 0 0 0 2.922482369407461 0.9949037213209719
437 2622 0 0 0 2.922482367142335 0.9949037200141828
438 2628 0 0 0 2.9224823689088497 0.9949037210310013
439 2634 0 0 0 2.9224823712533397 0.9949037223822854
440 2640 0 0 0 2.9224823675057516 0.9949037202242531
441 2646 0 0 0 2.9224823697516715 0.9949037215191882
442 2652 0 0 0 2.9224823694841087 0.9949037213674058
443 2658 0 0 0 2.922482369504352 0.9949037213816593
444 2664 0 0 0 2.922482369981864 0.9949037216530018
445 2670 0 0 0 2.9224823691651634 0.9949037211842625
446 2676 0 0 0 2.922482368766573 0.9949037209550577
447 2682 0 0 0 2.9224823699483675 0.9949037216354668
448 2688 0 0 0 2.922482370356908 0.9949037218718293
449 2694 0 0 0 2.9224823705896004 0.9949037220057528
450 2700 0 0 0 2.9224823709038787 0.9949037221865059
451 2706 0 0 0 2.9224823705143166 0.9949037219636168
452 2712 0 0 0 2.9224823695506164 0.9949037214078604
453 2718 0 0 0 2.9224823684782337 0.9949037207919055
454 2724 0 0 0 2.922482368874862 0.9949037210205831
455 2730 0 0 0 2.922482369041512 0.9949037211177014
456 2736 0 0 0 2.9224823681599665 0.9949037206096817
457 2742 0 0 0 2.922482368380766 0.9949037207379138
458 2748 0 0 0 2.922482370147091 0.9949037217550568
459 2754 0 0 0 2.922482371989714 0.9949037228163174
460 2760 0 0 0 2.922482373191472 0.9949037235096498
461 2766 0 0 0 2.9224823731941028 0.9949037235101978
462 2772 0 0 0 2.922482373511419 0.994903723693798
463 2778 0 0 0 2.9224823723277846 0.9949037230130984
464 2784 0 0 0 2.9224823718946764 0.9949037227633493
465 2790 0 0 0 2.922482372761224 0.9949037232620477
466 2796 0 0 0 2.922482373236806 0.9949037235358097
467 2802 0 0 0 2.922482373969329 0.9949037239575279
468 2808 0 0 0 2.9224823736607974 0.9949037237803242
469 2814 0 0 0 2.9224823739664982 0.9949037239554802
470 2820 0 0 0 2.9224823742177586 0.994903724100353
471 2826 0 0 0 2.9224823740893786 0.9949037240259572
472 2832 0 0 0 2.9224823739924157 0.9949037239695624
473 2838 0 0 0 2.9224823731848404 0.9949037235037028
474 2844 0 0 0 2.922482373684977 0.994903723790957
475 2850 0 0 0 2.922482373554974 0.9949037237166732
476 2856 0 0 0 2.9224823734734504 0.9949037236697509
477 2862 0 0 0 2.922482373337055 0.9949037235907182
478 2868 0 0 0 2.922482373508315 0.994903723690124
479 2874 0 0 0 2.922482373300414 0.9949037235699989
480 2880 0 0 0 2.922482373113797 0.9949037234623617
481 2886 0 0 0 2.9224823736496446 0.9949037237707914
482 2892 0 0 0 2.9224823731248994 0.9949037234686473
483 2898 0 0 0 2.9224823736873113 0.9949037237926669
484 2904 0 0 0 2.922482374040541 0.9949037239960765
485 2910 0 0 0 2.922482373563096 0.9949037237211565
486 2916 0 0 0 2.9224823738357957 0.9949037238781637
487 2922 0 0 0 2.9224823740599213 0.9949037240073626
488 2928 0 0 0 2.922482374496936 0.9949037242589005
489 2934 0 0 0 2.922482374226588 0.9949037241032774
490 2940 0 0 0 2.922482374293873 0.9949037241419216
491 2946 0 0 0 2.9224823739593613 0.9949037239492903
492 2952 0 0 0 2.922482373305954 0.9949037235729814
493 2958 0 0 0 2.922482373214168 0.9949037235201289
494 2964 0 0 0 2.9224823733118956 0.9949037235763029
495 2970 0 0 0 2.9224823744011377 0.9949037242031441
496 2976 0 0 0 2.922482374938011 0.9949037245121826
497 2982 0 0 0 2.922482373789809 0.9949037238518482
498 2988 0 0 0 2.9224823744324553 0.9949037242208644
499 2994 0 0 0 2.9224823736044288 0.9949037237440164
500 3000 0 0 0 2.922482374397161 0.9949037242007115
501 3006 0 0 0 2.9224823761703287 0.9949037252207275
502 3012 0 0 0 2.92248237227998 0.9949037229814417
503 3018 0 0 0 2.9224823711648034 0.9949037223387565
504 3024 0 0 0 2.9224823705634027 0.9949037219934429
505 3030 0 0 0 2.9224823638788564 0.994903718145666
506 3036 0 0 0 2.9224823660905868 0.9949037194180896
507 3042 0 0 0 2.922482365460691 0.9949037190547949
508 3048 0 0 0 2.9224823643247113 0.9949037184011174
509 3054 0 0 0 2.9224823626666323 0.9949037174458434
510 3060 0 0 0 2.9224823628231698 0.9949037175362563
511 3066 0 0 0 2.9224823628664334 0.9949037175605016
512 3072 0 0 0 2.922482363298149 0.9949037178089148
513 3078 0 0 0 2.922482363858463 0.9949037181316466
514 3084 0 0 0 2.9224823627808116 0.9949037175108302
515 3090 0 0 0 2.9224823628391006 0.9949037175443554
516 3096 0 0 0 2.9224823623266616 0.9949037172493224
517 3102 0 0 0 2.9224823625399408 0.9949037173722622
518 3108 0 0 0 2.92248236296896 0.9949037176192674
519 3114 0 0 0 2.922482362950999 0.994903717609056
520 3120 0 0 0 2.922482363163824 0.9949037177315192
521 3126 0 0 0 2.9224823636882276 0.994903718033509
522 3132 0 0 0 2.9224823638439066 0.9949037181231946
523 3138 0 0 0 2.9224823641572812 0.9949037183036299
524 3144 0 0 0 2.922482364565564 0.9949037185388125
525 3150 0 0 0 2.9224823645054845 0.9949037185040793
526 3156 0 0 0 2.922482364053877 0.9949037182440496
527 3162 0 0 0 2.922482364403123 0.9949037184451972
528 3168 0 0 0 2.9224823644967413 0.9949037184991196
529 3174 0 0 0 2.9224823647016525 0.9949037186171626
530 3180 0 0 0 2.922482364521894 0.994903718513589
531 3186 0 0 0 2.9224823644651923 0.9949037184809202
532 3192 0 0 0 2.9224823645148317 0.9949037185094981
533 3198 0 0 0 2.922482364663015 0.9949037185948368
534 3204 0 0 0 2.9224823648863603 0.9949037187234834
535 3210 0 0 0 2.9224823648065317 0.9949037186774996
536 3216 0 0 0 2.9224823646977893 0.9949037186148533
537 3222 0 0 0 2.9224823644857847 0.9949037184927095
538 3228 0 0 0 2.9224823645399653 0.9949037185239114
539 3234 0 0 0 2.922482364327635 0.9949037184015967
540 3240 0 0 0 2.9224823644135154 0.9949037184510371
541 3246 0 0 0 2.922482364478514 0.994903718488462
542 3252 0 0 0 2.9224823644432076 0.9949037184681363
543 3258 0 0 0 2.922482364440826 0.9949037184667437
544 3264 0 0 0 2.9224823642565405 0.9949037183606033
545 3270 0 0 0 2.922482364256613 0.9949037183606311
546 3276 0 0 0 2.9224823642345514 0.9949037183479212
547 3282 0 0 0 2.922482364170032 0.994903718310745
548 3288 0 0 0 2.922482364038153 0.9949037182347855
549 3294 0 0 0 2.9224823638936006 0.9949037181515128
550 3300 0 0 0 2.9224823640636073 0.9949037182494415
551 3306 0 0 0 2.922482364209624 0.994903718333554
552 3312 0 0 0 2.922482364385092 0.9949037184346496
553 3318 0 0 0 2.9224823646474456 0.9949037185857748
554 3324 0 0 0 2.922482364725039 0.9949037186304917
555 3330 0 0 0 2.922482365057281 0.9949037188218881
556 3336 0 0 0 2.922482365316661 0.994903718971303
557 3342 0 0 0 2.922482364762634 0.9949037186521307
558 3348 0 0 0 2.922482364503726 0.9949037185029831
559 3354 0 0 0 2.9224823645664815 0.9949037185391365
560 3360 0 0 0 2.9224823646620015 0.9949037185941612
561 3366 0 0 0 2.922482364565127 0.9949037185383522
562 3372 0 0 0 2.922482364548461 0.9949037185287458
563 3378 0 0 0 2.922482364598379 0.9949037185574969
564 3384 0 0 0 2.9224823645549316 0.9949037185324732
565 3390 0 0 0 2.9224823645941806 0.9949037185550804
566 3396 0 0 0 2.9224823645374465 0.9949037185223959
567 3402 0 0 0 2.9224823645490208 0.9949037185290617
568 3408 0 0 0 2.9224823646131584 0.9949037185660133
569 3414 0 0 0 2.922482364649492 0.994903718586941
570 3420 0 0 0 2.922482364596676 0.9949037185565198
571 3426 0 0 0 2.922482364613993 0.9949037185664958
572 3432 0 0 0 2.922482364514861 0.994903718509389
573 3438 0 0 0 2.9224823644796953 0.9949037184891272
574 3444 0 0 0 2.922482364363147 0.9949037184219892
575 3450 0 0 0 2.9224823644342166 0.994903718462931
576 3456 0 0 0 2.9224823643644076 0.9949037184227157
577 3462 0 0 0 2.9224823644022897 0.9949037184445395
578 3468 0 0 0 2.922482364391548 0.9949037184383561
579 3474 0 0 0 2.9224823643861813 0.9949037184352596
580 3480 0 0 0 2.9224823644114397 0.994903718449814
581 3486 0 0 0 2.9224823643323012 0.9949037184042249
582 3492 0 0 0 2.922482364322316 0.9949037183984728
583 3498 0 0 0 2.922482364321853 0.9949037183982027
584 3504 0 0 0 2.9224823642315734 0.9949037183461943
585 3510 0 0 0 2.922482364455059 0.9949037184749354
586 3516 0 0 0 2.9224823644529403 0.9949037184737194
587 3522 0 0 0 2.922482364309922 0.9949037183913346
588 3528 0 0 0 2.922482364245299 0.9949037183541062
589 3534 0 0 0 2.922482364407094 0.9949037184473093
590 3540 0 0 0 2.9224823645550084 0.9949037185325169
591 3546 0 0 0 2.9224823645506284 0.9949037185299935
592 3552 0 0 0 2.922482364283326 0.9949037183760143
593 3558 0 0 0 2.922482364462603 0.9949037184792876
594 3564 0 0 0 2.9224823643020215 0.9949037183867822
595 3570 0 0 0 2.922482364251863 0.9949037183578869
596 3576 0 0 0 2.9224823642465507 0.994903718354827
597 3582 0 0 0 2.92248236425684 0.9949037183607534
598 3588 0 0 0 2.9224823643317617 0.9949037184039121
599 3594 0 0 0 2.9224823642025743 0.994903718329494
600 3600 0 0 0 2.9224823640897393 0.9949037182644948
601 3606 0 0 0 2.922482364038416 0.9949037182349297
602 3612 0 0 0 2.9224823637901824 0.9949037180919337
603 3618 0 0 0 2.9224823637480193 0.9949037180676455
604 3624 0 0 0 2.922482364003198 0.9949037182146421
605 3630 0 0 0 2.9224823641004445 0.9949037182706609
605 3630 0 0 0 2.9224823641004445 0.9949037182706609
