% # columns="iter, evals, sigma, 0, fitness, xbest" seed=448579, Wed May 20 15:09:51 2026, <python>{}</python>
1 6 0.37076243618625637 0 18.593352214677314 0.47007210399608956 0.6102758056570105
2 12 0.4091626969198056 0 19.34323276544869 0.8568083849203979 0.40800114757330114
3 18 0.46426021132270506 0 18.250377952507186 0.6713582811649637 0.8224946240105417
4 24 0.648772876932984 0 16.18797328240232 1.6214919854815353 0.7283958708206772
5 30 0.515629459123923 0 17.744165081717206 0.876653837616172 0.6840516396733131
6 36 0.42886434266040113 0 17.733756428761964 1.5661687699332298 0.49053532036663616
7 42 0.6182479287338088 0 16.819825141044692 2.4569723910080556 0.7279476460410765
8 48 0.6114073584695402 0 15.685831844642353 1.7800213916735141 1.0248385015313954
9 54 0.5748681371182918 0 17.743686246483566 1.0425556140606291 0.3104526645761032
10 60 0.4862499003520533 0 16.709779505982894 1.0217417201038432 0.5555993789753648
11 66 0.45759471804667673 0 16.34613780899085 0.9377201538623081 0.5246829043596904
12 72 0.3839004057527182 0 16.432741819969117 0.6397535228010143 0.4427669903406131
13 78 0.45372538861068634 0 16.244705163361523 1.0733084265653783 0.35780905224554127
14 84 0.42709715102291507 0 16.357834648177004 1.2373178190415444 0.45040178581766943
15 90 0.4730725726506982 0 16.289795993291026 1.5092835797400301 0.2698842516270439
16 96 0.4576960461712379 0 17.171396622252338 0.821570767478983 0.11026680820755766
17 102 0.4706440209148087 0 16.795047934292363 0.6203085863241644 0.2781119268099841
18 108 0.5957300498457704 0 16.479590180967413 0.40718882253948707 0.01858946270122505
19 114 0.4966449521175918 0 16.683195810553425 -0.01991673186158377 -0.024650122535234895
20 120 0.6799160495852405 0 16.241293184901522 1.1864191912329352 0.36625469787015164
21 126 0.9337931639145576 0 16.95406605483603 3.276763850614896 1.0684078742292615
22 132 0.933764117454389 0 16.451781171228358 4.023502285394002 1.2814884886932436
23 138 0.8368030539583019 0 16.038399455393183 4.2909099885572735 1.3409197691157506
24 144 0.7350968448219155 0 17.40950281802677 1.9157633338131086 0.651802797483089
25 150 0.6216519314838126 0 17.157904828443154 1.8175880246480842 0.6302127507228195
26 156 0.6389920081943025 0 16.01503810046505 3.5172268726633593 0.9953871712496924
27 162 0.5198739594345755 0 18.102473342110123 2.7566133270340316 0.8036368727941299
28 168 0.5829625636400457 0 17.11363700101524 1.7594855823369306 0.3791685215838185
29 174 0.5859216372359443 0 16.74321694452279 1.291303788653016 0.19392555701767605
30 180 0.6920009138981348 0 16.996821327860943 1.567285193332191 0.27785519245313745
31 186 0.6090406299686938 0 16.45436533587581 2.3587509545884346 0.6480503024313959
32 192 0.9050144568618417 0 17.204659983541305 0.757030293944726 0.11190155049934347
33 198 0.8568949173293529 0 16.627511936740294 1.363102920653953 0.28575021413127555
34 204 0.6526065644732701 0 17.7643408631933 1.3569324112279961 0.2002092126815245
35 210 0.743996484272966 0 15.90152151545299 1.9142626673055156 0.40148358402852846
36 216 0.7517478380116677 0 17.742090135619712 0.9332922660567999 -0.02974826221525645
37 222 0.9828543276751424 0 16.501149201660773 -0.004572100553080327 -0.4051779619898903
38 228 0.7410790363471392 0 17.149770375956113 0.889945548047771 0.09336389225199465
39 234 0.773892979616687 0 16.67191445782622 1.8524351007519648 0.430154066088201
40 240 0.7522861986973403 0 16.9198808420204 2.572743406679793 0.7471434950480169
41 246 0.7733076120824185 0 16.552344496023192 2.29208462238437 0.7346778445164348
42 252 0.5897308198598782 0 16.562231601386554 2.4953507011582077 0.7172077598598758
43 258 0.4353020411529511 0 17.12800892312949 1.7535007607712771 0.41897852744825803
44 264 0.3547675076505 0 16.888989141509946 1.985772323260043 0.5485535916173075
45 270 0.3924172948700084 0 16.083410035499686 2.412190361052357 0.7366481425300513
46 276 0.33139351791152855 0 16.354499562586575 2.264302919495457 0.6767236627006624
47 282 0.33097280112152944 0 17.27647127704779 2.4017630944734045 0.7426830340962691
48 288 0.28863053884456513 0 16.362372741839533 2.608038146787318 0.8353342668279746
49 294 0.2997384132631224 0 16.40168767225339 2.6443252511562885 0.8549072248134053
50 300 0.3897409926623617 0 16.12846443680594 2.9237772519332084 1.0160051402038286
51 306 0.3437575688845451 0 16.530894323018895 2.7744176367635482 0.91675117168991
52 312 0.3400942880812733 0 15.954070143699129 3.041398642843398 1.0621165880857
53 318 0.4159447853305158 0 15.739336407265737 3.077459288251193 1.1032372815575457
54 324 0.3479399149740457 0 15.738064873191176 2.5359938159837356 0.806939217050233
55 330 0.31756858946837324 0 16.28897610059146 3.0272115619224653 1.0500340731108575
56 336 0.27714676701163826 0 17.529796499810136 2.650606925517243 0.8549958469711358
57 342 0.2532161238218743 0 16.274568609356663 2.592862611852701 0.8289114707487335
58 348 0.24668101363777747 0 16.40504537781507 3.077562440527329 1.0755958860614077
59 354 0.204269352564282 0 15.518503819785131 2.724850286716074 0.8913037336592127
60 360 0.21878747267232976 0 16.81803712656601 2.872732118876449 0.9641682870679622
61 366 0.20213916934416537 0 16.196888942356352 2.7508215824102 0.9057380612460812
62 372 0.1598876235445848 0 18.25526554943643 2.810687541326123 0.9322028688849783
63 378 0.12533273072446904 0 17.70000447677381 2.8351544563683753 0.948844310464881
64 384 0.12773270349592467 0 15.938621361555654 2.933790155830118 0.9993045951209958
65 390 0.1247544575502916 0 16.042828572792445 2.8952488748907492 0.9798775797496815
66 396 0.09873867299646877 0 16.77881338473109 2.919431963614609 0.9926179383816199
67 402 0.09803682469705409 0 17.250138979208867 2.9027226637502257 0.9834501969705506
68 408 0.10161306788425022 0 16.631376912596515 2.908647280253882 0.9891816652693113
69 414 0.10927823990217751 0 16.881857478921464 2.951419652970712 1.0112227393231985
70 420 0.08720499801826033 0 16.247067067622762 2.896522241955793 0.9813125501200264
71 426 0.08066225173968701 0 16.44929565907585 2.87582537515065 0.969518897069949
72 432 0.10213403085662219 0 15.95356225411263 2.860825555410358 0.9603095878573555
73 438 0.09732487554556232 0 16.391257875820052 2.8558834305029888 0.9575580907517435
74 444 0.11406930028247017 0 16.663210957362207 2.803546460259504 0.9281081553530526
75 450 0.16101311719840783 0 17.54108427334566 2.7945332039471906 0.9208809205774527
76 456 0.1409361009460939 0 16.86715210390319 2.8129275540630765 0.9320719138143266
77 462 0.13233473732232687 0 15.895432158423768 2.780967256071634 0.913690052335522
78 468 0.12772512700290983 0 17.08546419939418 2.8395367336103554 0.948198924827144
79 474 0.1629157443777835 0 16.424660373524702 2.899290750813561 0.9811730921787274
80 480 0.139353067962449 0 17.471139709796248 2.828634498216798 0.942387482399811
81 486 0.15438321027735505 0 16.207186531150647 2.9948602551335766 1.0364079235252992
82 492 0.1259144662220243 0 17.123990833086694 2.94278168224942 1.0052063381519099
83 498 0.09819846540102302 0 15.892574630802352 2.936695266606272 1.0027164603508456
84 504 0.09765729034618324 0 17.57769263898197 2.9063662118809286 0.9862851298758206
85 510 0.10272049964666695 0 16.19838263762282 2.884508217811282 0.9741063540138166
86 516 0.12746215235456199 0 16.036224881341894 2.9390485050181887 1.0049921464633147
87 522 0.1558140391980453 0 17.2067844033712 2.8659755759656163 0.9635511388152513
88 528 0.14813284383956116 0 16.3957065671451 2.8738974075745873 0.9679414659096486
89 534 0.1362038933878829 0 16.341448911686147 2.8657216616447756 0.962586981051506
90 540 0.18062624128323437 0 15.612617072729496 2.989683561528252 1.0341932004125318
91 546 0.14869009627369745 0 16.63263737731558 2.87941833465086 0.9712200513362035
92 552 0.12340544798000476 0 16.234585447929838 2.930936606223583 1.0008496971810048
93 558 0.11034458321411829 0 17.011989894247254 2.9677068262542687 1.0214119625296818
94 564 0.09107002294635023 0 15.910667781729057 2.930514774884332 1.0005323216744209
95 570 0.09667923743719296 0 16.82556992485231 2.930692650720459 1.0010334904237548
96 576 0.08147340414150764 0 16.362778619657174 2.9100463651882844 0.9886758062682514
97 582 0.08152002956774666 0 16.162532204865673 2.9194556011850965 0.9940842590319398
98 588 0.09080482328095542 0 16.66120631223638 2.9348861653530594 1.0030291559739746
99 594 0.07493227767409472 0 16.81470201142435 2.9362002231260433 1.0039204761325302
100 600 0.0916280708134066 0 17.527297265596964 2.9149212029768177 0.9909389758205002
101 606 0.1341109946424369 0 16.997873325998427 2.944256180640016 1.0075240349309784
102 612 0.16913546611861668 0 17.75446101360489 2.8901334309259266 0.9767858644348189
103 618 0.13928193836946642 0 17.23021029447893 2.949551154835945 1.0105823093655568
104 624 0.12172085870399452 0 17.186848113801602 2.9147688046204223 0.9903025383484343
105 630 0.0932818016306923 0 15.84043344229664 2.938379860056248 1.0039243840720946
106 636 0.07753947244601717 0 16.781260946547587 2.9493506985325753 1.0103347103899474
107 642 0.0653605698636513 0 16.054446106055504 2.9333569620829154 1.000936484048171
108 648 0.06311432469258918 0 17.02281413906973 2.943655256120995 1.006825204580538
109 654 0.06197256199234219 0 16.684065992767433 2.9392801711744454 1.0042431134994767
110 660 0.06930174307700745 0 16.23129868736613 2.9364195744501917 1.0028039085478486
111 666 0.07915587217295868 0 17.821474052694953 2.930225095523343 0.9994066528281537
112 672 0.06185704744228967 0 17.006324929755277 2.941838657195305 1.0058890161669503
113 678 0.047917319116169144 0 16.790359567398582 2.931242688609332 0.9998497492870138
114 684 0.0501232431059321 0 16.388194380020813 2.9273386100796954 0.9975869830739801
115 690 0.04949615294895581 0 16.24091504769126 2.922705942887027 0.9950595189374883
116 696 0.03921206700378691 0 17.25439914435987 2.9241326904817146 0.995803605443898
117 702 0.03410375466838736 0 16.673636250517454 2.9232456861159255 0.9953478553904678
118 708 0.026881712097556857 0 15.789456813155907 2.92365576616261 0.9955382803121011
119 714 0.019557866651983835 0 17.207661579928786 2.9234276895865636 0.995448031803814
120 720 0.015433024314229533 0 16.591044761682628 2.9232024244491708 0.9953361838539299
121 726 0.012101816806012897 0 16.58790845341761 2.923983269448011 0.9957720218583552
122 732 0.013127504356044935 0 16.633708690945166 2.9233791237743043 0.9954118942093186
123 738 0.016796446795879452 0 16.679194652796138 2.9216612712300067 0.9944334228862642
124 744 0.016536343486169003 0 16.38432923051116 2.9238151932970595 0.9956833340306649
125 750 0.015833434036442665 0 16.488102808382116 2.9228764060052432 0.9951478745588546
126 756 0.013762241454299143 0 15.949870050293864 2.922584141427197 0.9949874597051573
127 762 0.013120559742606612 0 16.46403279552848 2.9230759010530316 0.9952473113250836
128 768 0.01509689728339797 0 16.736468175723076 2.923932200364799 0.9957382764444727
129 774 0.02102456241088256 0 15.781971166454603 2.924933975924345 0.9962983577543025
130 780 0.016692890898721748 0 16.944823788404218 2.9240172808711495 0.9957819128407812
131 786 0.020133976038504166 0 15.586284679589038 2.9222745181915095 0.9948083577961033
132 792 0.014839585786749973 0 17.213031770176563 2.92414948356406 0.9958575190669082
133 798 0.013937310563460854 0 16.90815130014816 2.92277749755633 0.9950818014391591
134 804 0.011302214871190795 0 15.845303976427955 2.9232849485908807 0.9953774957069832
135 810 0.01295069500161205 0 16.38191749855128 2.9223598984863055 0.9948573230031897
136 816 0.012516088608508617 0 15.545088081476713 2.9217996214364885 0.994542846596289
137 822 0.01048946674493343 0 16.087788523136823 2.9227822841515168 0.9950861987017904
138 828 0.009330217336686163 0 16.139178953689314 2.922531076082843 0.9949478564197951
139 834 0.012374149982250483 0 17.250900386528578 2.9231219692316537 0.9952745678657668
140 840 0.01159875553542951 0 16.966594662943034 2.9227982736426608 0.9950968854731498
141 846 0.01323465752522813 0 17.443169437580146 2.922413531020273 0.9948871269184182
142 852 0.015871272357526667 0 15.766153444271989 2.921439290456878 0.9943415554452352
143 858 0.011451842092708723 0 16.435388322607075 2.922667799189877 0.9950227514810766
144 864 0.010851115487518775 0 16.833089212367156 2.9216703363427503 0.9944693839166443
145 870 0.014274240542820827 0 16.8932449623279 2.922888663265657 0.9951447367973291
146 876 0.012302853024735905 0 15.660591431049314 2.922881668252424 0.9951396461339123
147 882 0.015280721334148947 0 16.71135795597074 2.922999410063933 0.9952026526086987
148 888 0.01388963730186455 0 16.286145848475606 2.9212931498912122 0.9942561434391102
149 894 0.011544821642890477 0 16.790120040639373 2.9225439880276474 0.9949481192145925
150 900 0.00925250393643862 0 16.790493819073614 2.9219327989211767 0.9946089879671706
151 906 0.012814974926512575 0 16.298648263025907 2.9225307431135157 0.9949383322524377
152 912 0.01595402499659687 0 16.65033085583658 2.9221876261186743 0.9947452037333817
153 918 0.01458721645777793 0 16.40496523944574 2.922799908260166 0.995089088698951
154 924 0.011559358691052055 0 16.554738085028767 2.922665550437653 0.9950091170720725
155 930 0.009783544067600888 0 16.385165961681924 2.923034382850497 0.9952151071614902
156 936 0.008217120544568203 0 16.70977902906336 2.9230545798175482 0.9952272354417911
157 942 0.007393203470498813 0 18.028805341380956 2.9229670940568937 0.9951774474621048
158 948 0.007448338828295666 0 17.163405386705556 2.9231002531690624 0.9952516539761763
159 954 0.009595441337801564 0 16.305342164203992 2.922955281810036 0.9951694138787549
160 960 0.008986879923826917 0 16.67612461665249 2.9228224806972305 0.9950958906458994
161 966 0.007899155167992066 0 17.764616001111335 2.9227734503755323 0.9950690339549291
162 972 0.010261774366737992 0 16.273080445612123 2.922514695700023 0.9949243073450239
163 978 0.012100516109730043 0 16.719407206358536 2.9226974896595252 0.9950232113165077
164 984 0.011798733999983683 0 16.27977248517585 2.922099742434401 0.9946923378292419
165 990 0.012139438435758609 0 16.30362835677523 2.9229724597979727 0.9951784387978619
166 996 0.011528027893061583 0 17.03905622507762 2.9226658822082565 0.9950063132055796
167 1002 0.015230603233520129 0 17.07510670629165 2.9217704707632906 0.9945070894407233
168 1008 0.017354850057611466 0 16.881861579260473 2.9223905196644266 0.9948509618279934
169 1014 0.013190811571671214 0 17.46151999636181 2.9221651692753876 0.9947287425670496
170 1020 0.012302953223410754 0 17.391068023903504 2.9228147751921236 0.9950893977289765
171 1026 0.012316369998356213 0 17.388430801757252 2.9221475501308594 0.994718918225367
172 1032 0.010383768902150049 0 15.43712093085021 2.922141180917589 0.9947151762991815
173 1038 0.007472543568171945 0 15.923250753557038 2.922332230659816 0.9948216278351246
174 1044 0.008271841897345391 0 16.81255054671721 2.9224409252359793 0.9948805721494965
175 1050 0.008369913118230583 0 16.63267714608543 2.922281233048084 0.9947914876960844
176 1056 0.0075074006481118255 0 15.7093496716484 2.9224313951884335 0.9948759536289151
177 1062 0.005926215499910124 0 15.890543056648637 2.9224494151760303 0.9948853614513652
178 1068 0.004693781008829668 0 17.0810843258183 2.9224557395814226 0.9948892222235769
179 1074 0.004390946313292699 0 17.428085818225345 2.9224512744808417 0.9948869802737681
180 1080 0.004313738005051956 0 17.290383503185183 2.9224924230826117 0.9949102560282191
181 1086 0.003656738857504174 0 16.146200032111086 2.9224989080993766 0.9949138408743279
182 1092 0.003915408587343009 0 16.885227971322777 2.9224475241805297 0.994885299608933
183 1098 0.0037165874957364006 0 16.614568575534733 2.922454443092105 0.9948888192823101
184 1104 0.0044526114754627364 0 17.450513670843634 2.922427039330908 0.9948733357000423
185 1110 0.004437565701476779 0 17.7133833049747 2.922441742769014 0.9948813134737893
186 1116 0.004080240773366139 0 19.035113089458253 2.9224615188005645 0.9948923185737635
187 1122 0.003687578118129269 0 16.97022970154276 2.9224464656312463 0.9948842866398394
188 1128 0.003292852895544181 0 17.000833520037453 2.9224673641756245 0.9948955783620633
189 1134 0.0033117574816573583 0 16.113866576134352 2.9225089302875014 0.9949192980937789
190 1140 0.0030370007967914347 0 16.183462379342505 2.922473859055614 0.9948996615845224
191 1146 0.003491667739869678 0 16.282051187144905 2.922439526441181 0.9948800959936496
192 1152 0.003936232432767705 0 16.158902331980133 2.922450754712921 0.9948861792659471
193 1158 0.0036825387501127453 0 17.237600594114276 2.922466589698896 0.9948951005261364
194 1164 0.003869928269855238 0 16.58550226077908 2.9224959645328545 0.9949115392229391
195 1170 0.003806921518183225 0 17.08809782791802 2.9224872849216315 0.9949068500554428
196 1176 0.004757655798846734 0 16.867729134731345 2.922507081711589 0.9949176926748566
197 1182 0.0036976643223175314 0 16.781671487255004 2.922458591657024 0.9948907121464519
198 1188 0.0037513192573845797 0 16.53836905422041 2.9224610589682096 0.9948919862369031
199 1194 0.002810463311409178 0 16.378597926471397 2.922482130102695 0.9949038573193995
200 1200 0.0021962784058994927 0 18.022683494310833 2.9224870102740286 0.994906621936577
201 1206 0.0018386465373574081 0 16.690713640576153 2.9224824788102524 0.9949041199944617
202 1212 0.0018658745734824011 0 16.24507427432432 2.9224857332088803 0.994905935756741
203 1218 0.0021992540691190988 0 16.96588261645794 2.9224904341434357 0.994908709830078
204 1224 0.0020438505924490545 0 17.646377366984247 2.9224781157991027 0.9949017000801929
205 1230 0.0019487792192330994 0 16.428278188911154 2.9224801721713436 0.9949027606044831
206 1236 0.002023810139644291 0 17.414039447874213 2.922491592044781 0.994909220683359
207 1242 0.0023414626670858626 0 16.488329692022084 2.922491961818881 0.9949093737893134
208 1248 0.0024564815237144073 0 16.42909777319616 2.922495382697763 0.9949111297702081
209 1254 0.001955713982518751 0 16.777348061328617 2.9224880593625593 0.99490719795496
210 1260 0.0015996472587557244 0 15.92282603146328 2.9224873802482914 0.9949068427251355
211 1266 0.0015087320467116186 0 16.504594146864747 2.9224929144626803 0.9949098472078245
212 1272 0.0012496624931683708 0 15.700845627696948 2.922491692112628 0.994909219141765
213 1278 0.0012214395913947567 0 17.55803776645624 2.92249141847882 0.9949089927463499
214 1284 0.0014583555671202567 0 15.969337353526761 2.922492349948678 0.9949094507215613
215 1290 0.0022150444878626147 0 18.205054136866558 2.922490570836578 0.9949083373899147
216 1296 0.001994293839016822 0 17.10257717748356 2.922493065667083 0.9949098474930604
217 1302 0.002185343683871483 0 16.488747138118974 2.9224931706221993 0.9949100160307984
218 1308 0.0029963284249390843 0 17.026471126054787 2.922492679272931 0.9949098528244437
219 1314 0.0024308105754656307 0 18.015511046264386 2.922493206882526 0.994910103156449
220 1320 0.0025646965247632845 0 16.27160937570455 2.922492491085664 0.9949093984282712
221 1326 0.0022380401582929427 0 16.402457035209633 2.9224930358599615 0.9949099354310967
222 1332 0.0023232220165263686 0 17.012731014769123 2.922492574214778 0.9949097793624647
223 1338 0.0025264459691157213 0 16.15973022421103 2.9224895280802747 0.9949078789351133
224 1344 0.002799580959459634 0 16.611575024080793 2.922491308704231 0.9949087763244584
225 1350 0.0024636190705205085 0 16.26952652166425 2.9224928780701425 0.9949096569464859
226 1356 0.002850856009438087 0 16.242279370558613 2.922487688247241 0.9949066340786472
227 1362 0.0030854455556569454 0 15.76537453211682 2.922487873663193 0.9949068054058677
228 1368 0.004414482723715357 0 16.397493622214398 2.9224829462837456 0.9949040513968178
229 1374 0.0036493853268435026 0 17.249389938425992 2.9224891677864995 0.994907574803207
230 1380 0.002911959964176791 0 16.632316993704116 2.92248620402508 0.9949059318427692
231 1386 0.0026850286348287684 0 15.951513244238214 2.9224845923996137 0.9949048474432968
232 1392 0.003058181175050911 0 18.482262735884667 2.922478834953942 0.9949016065746359
233 1398 0.0022123138453796934 0 16.188962997127142 2.9224816002075484 0.9949032630075586
234 1404 0.001637245466432909 0 16.035630972727766 2.922481849971329 0.9949034011251691
235 1410 0.0013856263051818933 0 17.68689601205319 2.922481182607681 0.9949030235598484
236 1416 0.001304159728065201 0 16.33043268405995 2.9224800473861396 0.994902353757861
237 1422 0.0011192351201536192 0 16.777678730406024 2.922481695226786 0.9949032908956558
238 1428 0.0009423411973952727 0 15.676211782516342 2.9224829206904146 0.9949040273913896
239 1434 0.000963836282333575 0 16.551022061261403 2.922482673628977 0.9949038796586548
240 1440 0.0007453652099512187 0 17.74704140986256 2.922481920262677 0.9949034211507697
241 1446 0.0005824331992015578 0 16.50538584477819 2.922482415511689 0.9949037209990826
242 1452 0.0006076711354373919 0 17.661303328084536 2.9224819984910715 0.9949034920902146
243 1458 0.0006962324081212142 0 16.17233359137914 2.922482190259886 0.9949036028829519
244 1464 0.000788355115477937 0 16.69755924229021 2.922481973475025 0.9949034934789295
245 1470 0.001085739308199283 0 16.20219121030663 2.922482180554872 0.9949036291912943
246 1476 0.0010569188423589615 0 15.635181723854302 2.9224815758756044 0.9949032551913058
247 1482 0.0008832070538173259 0 16.86314848925381 2.9224822885137773 0.9949036826417064
248 1488 0.0008565571035276002 0 16.237641980087748 2.9224820849450595 0.9949035405109274
249 1494 0.0010059753584829168 0 16.766354364871855 2.922481419460233 0.9949031637904798
250 1500 0.0007561252965390535 0 16.194457580910864 2.9224817740676365 0.9949033751584344
251 1506 0.0008456334986959492 0 16.397418010808405 2.922481488720717 0.994903198418093
252 1512 0.000940121454138832 0 16.142789363187536 2.9224814138451936 0.9949031665370888
253 1518 0.0009756143143254142 0 16.464198482749314 2.922482065603901 0.994903543359342
254 1524 0.0007987474209154768 0 16.506558627006324 2.922481110533998 0.9949029903896865
255 1530 0.0008077560094966454 0 16.294449357897296 2.922481583475016 0.9949032714437579
256 1536 0.0006186337484108346 0 16.04005558340446 2.9224816046677464 0.9949032795179225
257 1542 0.000595439980415107 0 15.942458438346907 2.9224821140577766 0.9949035718959419
258 1548 0.000664250818633144 0 17.208861769103667 2.9224824783662413 0.9949037849128003
259 1554 0.0006004006607059815 0 16.649479090702243 2.9224821349874026 0.994903583895534
260 1560 0.0006275054047834006 0 15.985928814823115 2.922482544838124 0.9949038212288125
261 1566 0.0006455262797795079 0 16.849589313387916 2.922482790837481 0.9949039633597747
262 1572 0.0005087184321851621 0 16.568249144491897 2.922482722455816 0.9949039249482439
263 1578 0.0005713620152978587 0 16.9006746524478 2.9224822402237876 0.9949036503417852
264 1584 0.000475926973723959 0 16.990259624561503 2.922482321161598 0.9949036926394251
265 1590 0.0004363057769696096 0 15.742591888222305 2.922482527894425 0.9949038108653415
266 1596 0.00043123314290881537 0 16.845274431027065 2.922482513481623 0.9949038043473544
267 1602 0.00048031514641931584 0 16.3430491361792 2.922482557637938 0.9949038310696344
268 1608 0.0005274635277031416 0 17.244366263096722 2.9224828134126044 0.9949039763331003
269 1614 0.0005733750697293647 0 16.46035780212119 2.922482950163 0.9949040554678564
270 1620 0.0006100425954972449 0 16.840704091630364 2.9224828773529095 0.9949040139877917
271 1626 0.000531722522347822 0 16.442519779289125 2.9224829924926965 0.9949040790228556
272 1632 0.0007377795208476917 0 16.680679020126075 2.922483226002584 0.9949042197485054
273 1638 0.0007458501340065648 0 15.80381801770968 2.9224831852757345 0.9949041871117733
274 1644 0.0007172365344657735 0 15.382937930573293 2.922483025055055 0.9949041019739766
275 1650 0.0006000389133669678 0 18.282807215156065 2.9224830214501964 0.9949040975931859
276 1656 0.0005657996924274909 0 15.860070945178048 2.9224831795210156 0.9949041937862997
277 1662 0.0006223250590123043 0 16.397782444563585 2.9224828699881624 0.9949040114128456
278 1668 0.0004979644524004607 0 16.276429339771983 2.922483159648684 0.9949041817104082
279 1674 0.0005348854879868055 0 16.05814201785287 2.9224832186392087 0.9949042132818922
280 1680 0.0005975299969542509 0 16.992512078427804 2.922483327762189 0.9949042757297364
281 1686 0.0005628777597472565 0 17.26196765139874 2.9224832048818987 0.9949042028541312
282 1692 0.00040469348136830554 0 16.789349149121094 2.9224831301620497 0.9949041617805348
283 1698 0.0004530651221904986 0 16.409186874088356 2.922483333333219 0.9949042795023743
284 1704 0.0005696928359675049 0 16.984820398086896 2.922483445938201 0.9949043460487427
285 1710 0.0008348786411212425 0 17.169538854588758 2.9224835711801194 0.9949044201220251
286 1716 0.0007827643230263724 0 16.4717629179108 2.922483385964758 0.994904311582879
287 1722 0.0008474261179198666 0 17.107365056548087 2.9224831853102637 0.9949041952931149
288 1728 0.0006646327271182813 0 16.67508531871564 2.922483248672885 0.9949042312579751
289 1734 0.0005112654348381202 0 16.165091422147544 2.9224832788223334 0.9949042481497533
290 1740 0.00037072598258960264 0 16.171558119830266 2.922483218714897 0.9949042133816965
291 1746 0.00029883402963810744 0 15.743388519124888 2.9224833254312674 0.9949042757759987
292 1752 0.00030438941698764 0 16.058061684835483 2.9224833167163538 0.9949042708723613
293 1758 0.00033140739474561747 0 17.417234572964308 2.9224833947043547 0.994904315988783
294 1764 0.0003432104101840506 0 16.932687836539607 2.9224834549968137 0.994904351334956
295 1770 0.00032170283505523204 0 16.817732756888354 2.9224834623194664 0.9949043559432531
296 1776 0.00028794153207305147 0 17.346505527009242 2.922483504674073 0.9949043800274898
297 1782 0.0002924155656843454 0 15.711476234093482 2.9224833593727784 0.9949042952241428
298 1788 0.00036918350737490547 0 17.0242219355952 2.922483306815543 0.9949042648856495
299 1794 0.0004440758589336355 0 17.453778930658075 2.9224832823249347 0.9949042510598046
300 1800 0.0006238163358869581 0 16.52866903934293 2.922483199189693 0.9949042032957608
301 1806 0.0005811680963604748 0 16.945644636792224 2.9224833627067115 0.9949042980327689
302 1812 0.0007516231762239551 0 17.549410655206984 2.922483017172138 0.9949040987085696
303 1818 0.0009159928394125171 0 17.057328463290442 2.92248340118407 0.9949043207130095
304 1824 0.0015232735246032028 0 16.99099149830468 2.922482840022443 0.9949039983662163
305 1830 0.0013102896575414192 0 17.121416589815368 2.922483078098126 0.994904134278674
306 1836 0.00141077018752937 0 16.82470796955326 2.9224834888897333 0.9949043731830096
307 1842 0.0013473677253077055 0 15.997090733658423 2.9224834790933847 0.9949043663991325
308 1848 0.0016718523835518295 0 16.204032477013193 2.92248434813002 0.9949048702518011
309 1854 0.0019096515815228761 0 16.332464711955545 2.922483798027061 0.9949045504451365
310 1860 0.001588954818071815 0 18.191134978046847 2.9224836568596118 0.9949044686109916
311 1866 0.0015574663101936542 0 16.35817586593884 2.9224830326266225 0.9949041071387104
312 1872 0.001451671559167694 0 16.33191524686123 2.9224830870703604 0.9949041390950478
313 1878 0.001386309786543854 0 17.17193354359759 2.9224836724712304 0.9949044777804414
314 1884 0.001461044110050089 0 16.47027755683164 2.92248254214748 0.9949038230560443
315 1890 0.001162736630330071 0 16.502678529630757 2.922483483784699 0.9949043691965994
316 1896 0.001278120860453258 0 16.557247198472144 2.9224827976226186 0.994903971963469
317 1902 0.0011169270817109737 0 18.09477480597849 2.922483119363833 0.9949041586127102
318 1908 0.0008324341244099007 0 17.25373693736451 2.922482631499736 0.9949038760078496
319 1914 0.0005825645412734326 0 17.164936501669832 2.9224827845150516 0.9949039641075229
320 1920 0.000672583716496632 0 15.885677804954025 2.9224830633472867 0.9949041252588847
321 1926 0.000779732411703349 0 15.970892010165 2.9224829614724515 0.9949040659592172
322 1932 0.0007966014064540979 0 17.008920981499895 2.9224830263269466 0.9949041041760434
323 1938 0.0007460213515426037 0 16.97307253062141 2.922482949882409 0.9949040591637324
324 1944 0.0006411202833528377 0 16.334075763704604 2.922483173780082 0.9949041890962084
325 1950 0.0005712470398527564 0 18.062324164237598 2.922483229717778 0.9949042214915436
326 1956 0.0006299276384996921 0 15.81856311537403 2.9224830311478383 0.9949041061681275
327 1962 0.00059811725858481 0 15.696771321877485 2.9224830615222985 0.9949041235661616
328 1968 0.000606207279779066 0 17.25245965276376 2.922482953094106 0.9949040609073417
329 1974 0.0005475471619210226 0 16.391120636455813 2.9224830297244058 0.9949041052612714
330 1980 0.0005747145300302465 0 16.89485010198667 2.9224829170435833 0.994904039860075
331 1986 0.0006867310497712906 0 16.559934737715693 2.92248293588623 0.9949040505957952
332 1992 0.000811910124317738 0 16.006519741879174 2.922482956632665 0.9949040621391265
333 1998 0.0011684527421889472 0 16.95448626276862 2.9224827668678364 0.9949039526421719
334 2004 0.0015784430154231022 0 16.117369483929924 2.922482824414605 0.9949039847436202
335 2010 0.0013875669138499428 0 16.982812051020687 2.922482642121985 0.994903880115056
336 2016 0.001727708516685345 0 17.219903405486768 2.9224825904784515 0.99490384945049
337 2022 0.0017442463025951142 0 17.24073629080432 2.9224825920227095 0.9949038498918177
338 2028 0.0017884289464848385 0 16.785744754971958 2.9224823071925043 0.994903685033468
339 2034 0.0018875586271351183 0 16.091474445763318 2.922482103864432 0.9949035664262087
340 2040 0.0020799791358566693 0 16.035619584580324 2.9224827491866865 0.9949039434715676
341 2046 0.0022077094410658674 0 16.800003688070603 2.9224824452591087 0.9949037659084663
342 2052 0.0019802064358520905 0 16.478217364661877 2.9224826671302764 0.994903895712504
343 2058 0.0015897435569223162 0 16.72156345132851 2.9224822790787646 0.9949036693884168
344 2064 0.001790961305926994 0 16.498595104708013 2.9224824247690706 0.9949037546549728
345 2070 0.0017549675124381864 0 16.570018970376044 2.922482416927786 0.9949037498222646
346 2076 0.0016329320860881261 0 15.883681768655325 2.9224822857213 0.9949036726790078
347 2082 0.0016668652054378538 0 16.192271762931423 2.922482077929903 0.994903551850607
348 2088 0.0014966018704922752 0 17.422207215279506 2.9224824288187117 0.9949037564469467
349 2094 0.0012125669063430657 0 16.66334907074474 2.9224823238396485 0.9949036953010917
350 2100 0.001381577380840944 0 17.25009941424609 2.9224822765321625 0.9949036678946216
351 2106 0.0012606707264751298 0 17.671761940172317 2.922482188585681 0.9949036165679169
352 2112 0.0015696993081867777 0 16.290539098769592 2.9224823167424216 0.9949036918976591
353 2118 0.0022292021128831217 0 16.559176143916236 2.9224820229806037 0.9949035208110225
354 2124 0.0025960300353738003 0 17.329965882353687 2.9224818397062204 0.9949034144141978
355 2130 0.0035374114260494673 0 16.141593909862735 2.922481272344428 0.9949030843211789
356 2136 0.0036933966622752544 0 16.061792015806333 2.9224813786670234 0.9949031455208329
357 2142 0.0027607232179901286 0 16.67622206311411 2.92248208308549 0.9949035557501262
358 2148 0.002347475616772696 0 17.444145993491308 2.9224816549376578 0.9949033064642475
359 2154 0.002142765261547178 0 16.120360165187442 2.9224813803027665 0.9949031469092827
360 2160 0.0019090078329034286 0 16.457194975663878 2.9224814009224076 0.9949031585438484
361 2166 0.0019461816802467142 0 16.534680596600985 2.922481699537912 0.9949033324031931
362 2172 0.001896210085208061 0 16.681338082351576 2.9224812531751354 0.9949030729834537
363 2178 0.0016417289019895734 0 16.675097520760573 2.922481580097682 0.994903262989319
364 2184 0.0015606425552661268 0 15.962274093114656 2.9224816296039258 0.9949032919804253
365 2190 0.0017030168600711947 0 16.366407948991327 2.9224813663891327 0.9949031387212572
366 2196 0.0017120473067728475 0 16.332838819580996 2.922481747549984 0.99490336064291
367 2202 0.0019103634780289795 0 16.64656328305054 2.922481803119232 0.9949033929991964
368 2208 0.0020618764459659814 0 16.105500313897558 2.9224816517172236 0.9949033049490792
369 2214 0.0029283940746914674 0 16.112192800997725 2.922482015606594 0.9949035171476805
370 2220 0.0027434414094302485 0 16.437404239295606 2.9224817331043345 0.9949033525722789
371 2226 0.0027191745125647957 0 16.596101251858045 2.9224818730995348 0.9949034341846608
372 2232 0.0027434297592989036 0 16.834718273631843 2.92248207519619 0.994903551608716
373 2238 0.0024407469991016254 0 18.2306835171179 2.922482160326364 0.9949036010470498
374 2244 0.001837171401692767 0 16.040610193141436 2.922481951211835 0.9949034795248825
375 2250 0.0014798211219420334 0 16.6002372367056 2.922482026193948 0.9949035229629504
376 2256 0.001246535823290255 0 16.437488548868597 2.922482005203095 0.9949035108040639
377 2262 0.0014391727349532377 0 16.49945097459153 2.9224818842362357 0.9949034404898917
378 2268 0.0015543798197200896 0 17.839087084570615 2.9224820122376416 0.9949035146820211
379 2274 0.0017676260991985073 0 15.882466614831392 2.9224818933306698 0.9949034454376418
380 2280 0.0014344002759273426 0 16.398865039848097 2.922481946878673 0.9949034768012147
381 2286 0.002120622621578955 0 16.597818928618207 2.922482070916194 0.9949035486909032
382 2292 0.0025196850934207093 0 17.027107759203925 2.9224821281126743 0.99490358194763
383 2298 0.002293103391178348 0 17.336953375042775 2.9224820681961323 0.9949035472677535
384 2304 0.002854814494908456 0 16.06332281367378 2.922482146019424 0.994903592720774
385 2310 0.0028015137705593974 0 16.155048461823643 2.922482127899411 0.9949035824511967
386 2316 0.0029132299238636646 0 16.509276383320273 2.9224821351049326 0.9949035859961304
387 2322 0.0027642597624519378 0 15.86806888586456 2.9224820276552665 0.9949035234775062
388 2328 0.003527415642782551 0 16.516643894714832 2.9224821982316236 0.9949036224612366
389 2334 0.0031952581181973823 0 16.2110930136011 2.922482228401113 0.9949036402364613
390 2340 0.002899040964390541 0 16.92396000908433 2.9224821676902235 0.9949036046818944
391 2346 0.002645180398604825 0 17.038297295533194 2.922482138299766 0.9949035875599195
392 2352 0.003030604872895755 0 16.097097960405225 2.9224822553295238 0.9949036555692984
393 2358 0.003611059707487716 0 17.285549877582163 2.9224823522942325 0.9949037119058687
394 2364 0.0040497932909196 0 17.80837004634772 2.9224822959703465 0.9949036790369997
395 2370 0.003911482344058018 0 16.269341134893338 2.9224824205156357 0.9949037514992534
396 2376 0.004570401773512952 0 17.021275296212945 2.922482404736618 0.9949037418447406
397 2382 0.004614409927258769 0 15.886569036456384 2.9224823616298856 0.9949037167869969
398 2388 0.0035408746720979167 0 15.959970078933416 2.922482291893585 0.994903676681373
399 2394 0.0034629037192457626 0 16.320849872816257 2.9224823743137915 0.9949037244720652
400 2400 0.0026613663796847676 0 16.681756750659122 2.922482334272121 0.9949037007821964
401 2406 0.002445698670402832 0 15.937360026329594 2.922482360749094 0.9949037166780553
402 2412 0.0026028116955427055 0 17.87759532511829 2.9224823581421093 0.9949037148127694
403 2418 0.0023340496635554787 0 15.876124678882771 2.922482335185386 0.9949037017232374
404 2424 0.0026090227618814003 0 15.73118315179414 2.9224823052956728 0.9949036842507595
405 2430 0.002470471711904423 0 16.070449929012792 2.9224823471373997 0.9949037083754299
406 2436 0.0019137124077917937 0 16.411411252589534 2.9224823469514907 0.9949037083424656
407 2442 0.001778542005463404 0 18.012927762327855 2.922482356662685 0.9949037140889493
408 2448 0.0015607667847635663 0 17.565017473965565 2.9224823517739935 0.9949037111677281
409 2454 0.0014291291260438933 0 15.933536804969549 2.9224823707503433 0.9949037221454093
410 2460 0.001302654342312393 0 16.08838431009232 2.922482348992134 0.9949037094964296
411 2466 0.001055771793111683 0 17.623280489974608 2.9224823880650868 0.9949037321904877
412 2472 0.0008616324587899934 0 17.414360804338237 2.9224823472975965 0.9949037085124228
413 2478 0.000900273890245021 0 16.692329458347196 2.922482347416008 0.9949037086325344
414 2484 0.0008286500717996138 0 17.400187005081257 2.9224823488581917 0.9949037094364889
415 2490 0.0010723932590418084 0 16.021049517562307 2.9224823391626393 0.9949037037820285
416 2496 0.0015096051715368264 0 17.831109599014702 2.9224823478561763 0.9949037088003635
417 2502 0.002168544156062364 0 16.77410410953878 2.9224823758139165 0.994903724884326
418 2508 0.0020916951634310905 0 16.19670079152446 2.922482379322633 0.994903727120431
419 2514 0.0015771229610793568 0 16.824648967333207 2.9224823775042608 0.994903725938985
420 2520 0.0013538850476367032 0 16.5519199217582 2.922482362253978 0.9949037172051842
421 2526 0.0010650117366313126 0 18.324808659339983 2.922482362267143 0.9949037171884471
422 2532 0.0011472899965041757 0 17.587601676130415 2.9224823610431754 0.9949037165302268
423 2538 0.0009153774854939791 0 15.576198728155877 2.922482372253972 0.9949037229663896
424 2544 0.0006460328477089335 0 16.40037781689125 2.922482366439891 0.9949037196178735
425 2550 0.000678182784903879 0 17.013633448764526 2.9224823679282266 0.9949037204589142
426 2556 0.000656147804483242 0 17.805071889486797 2.92248236750802 0.9949037202188257
427 2562 0.0009980553014751448 0 16.796464910376674 2.922482366280904 0.9949037194744152
428 2568 0.0008945635683884462 0 16.004883176484075 2.922482365050193 0.9949037187685723
429 2574 0.0008839066395956113 0 17.133468978975372 2.9224823606311716 0.9949037162190164
430 2580 0.0010757838292130585 0 16.6091553836559 2.922482349432665 0.9949037097769033
431 2586 0.0011741940437315905 0 16.794830035817913 2.922482364057166 0.9949037182239566
432 2592 0.0013260283116026306 0 17.29808843378908 2.922482358057124 0.9949037147911924
433 2598 0.0012791215735975477 0 16.793662796960135 2.9224823702652056 0.9949037218060796
434 2604 0.0013307793942728132 0 16.703725960319932 2.922482371469701 0.9949037224859755
435 2610 0.0010045312826689088 0 17.793774078626814 2.9224823697093276 0.9949037214831957
436 2616 0.0008836995240767448 0 16.748334126531212 2.922482369963849 0.9949037216477323
437 2622 0.000743315996925833 0 17.275068094126308 2.922482366067234 0.9949037193928298
438 2628 0.0005904767989782223 0 16.065802957654288 2.9224823684367514 0.9949037207588751
439 2634 0.0006057976501584246 0 16.652665327786107 2.9224823724710296 0.9949037230824544
440 2640 0.0005782144987536158 0 16.81455643726266 2.922482366968315 0.9949037199129449
441 2646 0.0005073546705428134 0 17.09054803544159 2.92248236909228 0.9949037211424424
442 2652 0.0004898178074068141 0 16.56961757548286 2.92248237023886 0.9949037218005262
443 2658 0.0005147466652974604 0 17.218482956648256 2.922482368740391 0.9949037209415571
444 2664 0.0004295827451457044 0 16.139792992868074 2.9224823697339075 0.9949037215093631
445 2670 0.0003662251091874646 0 16.165480883617356 2.9224823693166684 0.9949037212724652
446 2676 0.0003183504981027582 0 16.50788530223587 2.9224823680497796 0.9949037205434775
447 2682 0.00034432215237791697 0 16.931034304319322 2.922482370739443 0.9949037220917367
448 2688 0.0003805386128197589 0 16.265436365401076 2.922482370546229 0.9949037219811787
449 2694 0.0003381599217745968 0 16.363068295451875 2.922482370412306 0.9949037219052966
450 2700 0.0002908594317415246 0 16.191477811231707 2.9224823716389707 0.9949037226100675
451 2706 0.0003094494299785846 0 16.548115651540805 2.9224823699284115 0.9949037216268353
452 2712 0.0003786921387490935 0 17.259348598877548 2.9224823689204857 0.9949037210448194
453 2718 0.00045269521922015876 0 16.057810856039243 2.9224823672815488 0.9949037201040114
454 2724 0.00038572468379018143 0 17.341381103181654 2.9224823692677955 0.9949037212468353
455 2730 0.0003972983356218278 0 17.108889771657807 2.9224823679363205 0.9949037204825237
456 2736 0.00035202755113739547 0 16.889938532517174 2.9224823688674952 0.9949037210169142
457 2742 0.0003544524161816823 0 18.345755092354544 2.922482367940606 0.9949037204846314
458 2748 0.00047426097434613015 0 17.381699979587523 2.9224823712005183 0.9949037223611287
459 2754 0.0006257748620717659 0 16.374612023854855 2.9224823724212556 0.9949037230652422
460 2760 0.0007316518330008911 0 16.354133634994543 2.9224823739296513 0.9949037239350328
461 2766 0.0006124955134298738 0 16.105785206754444 2.9224823718767468 0.9949037227511583
462 2772 0.0005317390808662903 0 17.016438042782436 2.922482375140591 0.9949037246323795
463 2778 0.0005675312997980662 0 15.933910079709166 2.9224823718027984 0.9949037227106768
464 2784 0.0004617718666019028 0 17.968590517023532 2.9224823697148277 0.9949037215088877
465 2790 0.00037598510325325486 0 15.799431037346203 2.9224823732668272 0.9949037235521371
466 2796 0.0003189302954511188 0 16.839461088449944 2.922482373466234 0.9949037236679956
467 2802 0.00031236175290415866 0 16.68802264298041 2.922482374331717 0.99490372416594
468 2808 0.0002942326692917799 0 15.975380538131235 2.922482374275914 0.9949037241347506
469 2814 0.0003567519534715252 0 16.09549076483048 2.9224823745953783 0.9949037243173499
470 2820 0.00030228733768529177 0 16.515422225580053 2.922482374356674 0.9949037241802088
471 2826 0.0003066143913870365 0 17.895145535093476 2.9224823743546784 0.9949037241786224
472 2832 0.000366846949847485 0 15.93488330570624 2.9224823742181694 0.9949037240992112
473 2838 0.0005831941950861609 0 16.087377139836757 2.922482372593687 0.9949037231633634
474 2844 0.000674128885213348 0 17.75261761808908 2.922482375046261 0.994903724574499
475 2850 0.0005152279368316352 0 15.705949119047764 2.922482373768694 0.9949037238414091
476 2856 0.0003809633550212211 0 16.920794408872823 2.9224823732302103 0.9949037235299081
477 2862 0.00035216301076704704 0 17.079053040773083 2.922482373207694 0.994903723516352
478 2868 0.00036532870340810086 0 16.599184770451167 2.9224823738993186 0.9949037239155715
479 2874 0.0002847409135829019 0 15.576524777761897 2.9224823732662584 0.994903723550341
480 2880 0.0002533286163312334 0 16.024576851626037 2.9224823730822527 0.9949037234440745
481 2886 0.0003332231648729691 0 17.367624155578305 2.922482373822698 0.994903723870571
482 2892 0.0002954702411086357 0 16.838530211077057 2.9224823727951077 0.9949037232787569
483 2898 0.000297706704733662 0 17.739944597479035 2.922482373809683 0.9949037238631876
484 2904 0.0003110497452786878 0 16.341764995423013 2.922482373843906 0.9949037238829177
485 2910 0.00024454322107399565 0 17.480832384063902 2.9224823735355194 0.994903723705265
486 2916 0.0002002175874489509 0 16.723356274598526 2.9224823737325836 0.9949037238187518
487 2922 0.00024429132134075657 0 16.044774488615555 2.9224823740788484 0.9949037240182698
488 2928 0.0002852923629372131 0 16.929558889013936 2.922482374401405 0.9949037242038449
489 2934 0.00021104225793220187 0 17.095358987713187 2.9224823740972927 0.9949037240288878
490 2940 0.00020007187042599941 0 16.265295961030755 2.9224823742558574 0.9949037241199458
491 2946 0.00022549183628669828 0 16.289153530219945 2.922482373815039 0.9949037238661753
492 2952 0.0003885200881420203 0 16.437551522351832 2.9224823731350593 0.9949037234746253
493 2958 0.00041709930083048963 0 16.479642978107375 2.9224823731881924 0.9949037235049812
494 2964 0.00038194612116874087 0 17.626884414915462 2.9224823730531577 0.9949037234273503
495 2970 0.0007752659459643215 0 16.07568985438686 2.922482374759129 0.9949037244091791
496 2976 0.000973108951932079 0 16.49802181039516 2.9224823753578892 0.994903724753758
497 2982 0.0009993779739265161 0 16.80529494299157 2.922482374030476 0.9949037239905766
498 2988 0.0011455526370626197 0 16.850650527755015 2.9224823755408327 0.9949037248584642
499 2994 0.0012201316576479126 0 16.47566514077815 2.9224823734507965 0.9949037236554753
500 3000 0.0009758064671699123 0 16.230368295995127 2.922482374931584 0.9949037245085882
501 3006 0.0013658319221460794 0 16.821963019548555 2.9224823769797386 0.99490372568687
502 3012 0.0017270998647939179 0 15.347396147432008 2.922482370765595 0.9949037221097334
503 3018 0.0022155567405318277 0 16.238284255165183 2.9224823726580316 0.9949037231979608
504 3024 0.001836384226703191 0 16.632563470387986 2.9224823705322884 0.994903721974885
505 3030 0.0027370497032762017 0 16.707760983586173 2.922482362438837 0.9949037173172673
506 3036 0.002551750575050182 0 17.165157590097614 2.9224823648087024 0.9949037186800518
507 3042 0.0025366114891235293 0 16.742162969564603 2.922482368401178 0.9949037207471519
508 3048 0.0021014938529176335 0 17.338314066439153 2.922482364215028 0.9949037183377171
509 3054 0.0024554120869556607 0 15.843922603474113 2.922482360522151 0.9949037162110067
510 3060 0.0019366506231036033 0 15.953422084004231 2.9224823633720454 0.9949037178525835
511 3066 0.002056879454328354 0 16.336796100604666 2.922482362747417 0.9949037174918236
512 3072 0.001849152409141194 0 16.881916372213595 2.922482361755706 0.99490371692072
513 3078 0.0014342898307346565 0 17.295486695843955 2.922482361102213 0.9949037165445296
514 3084 0.001474839430995629 0 15.496244224169164 2.9224823629078394 0.9949037175839633
515 3090 0.0012424001636173545 0 16.324604571007264 2.922482362073418 0.994903717103472
516 3096 0.001055524681638841 0 16.48287276195771 2.9224823619140508 0.994903717011629
517 3102 0.0008541383815203697 0 15.738447866887173 2.9224823623414844 0.9949037172580414
518 3108 0.0007680779506392768 0 15.863687092281822 2.9224823632400203 0.9949037177754043
519 3114 0.0007459210956235823 0 16.930038883280556 2.922482362979132 0.9949037176252659
520 3120 0.000668651625357781 0 16.556382975910832 2.922482363316324 0.9949037178193076
521 3126 0.0008530798737813764 0 15.826341379108394 2.9224823637426143 0.9949037180648469
522 3132 0.0008333085105384799 0 15.988159028881912 2.9224823638080046 0.9949037181025772
523 3138 0.0008497729817641375 0 16.391347132796074 2.9224823645123945 0.9949037185080853
524 3144 0.0009027433705064084 0 17.11523819042925 2.92248236508831 0.9949037188399119
525 3150 0.0009160978388908497 0 16.579975195181643 2.9224823645168896 0.9949037185107017
526 3156 0.0008067538739878055 0 17.51900570281059 2.9224823638306296 0.9949037181154606
527 3162 0.0006773552102605003 0 16.57361672957827 2.9224823646453357 0.9949037185846614
528 3168 0.000561976057729255 0 16.430166888479114 2.92248236468018 0.9949037186047481
529 3174 0.0005865946897074657 0 16.341196497661745 2.922482364619279 0.9949037185697364
530 3180 0.0004989336368932298 0 15.458231251366358 2.9224823644885896 0.9949037184944253
531 3186 0.00043155614433420094 0 17.150505707129287 2.9224823644427786 0.994903718468008
532 3192 0.0003810636973018631 0 17.363374875043874 2.9224823645947686 0.9949037185555266
533 3198 0.0004131283884412211 0 16.91888736195855 2.922482364682344 0.9949037186059853
534 3204 0.0005466247556492393 0 17.15220441393059 2.922482364890783 0.9949037187260044
535 3210 0.00045349322136457415 0 16.186539782198704 2.922482364713409 0.9949037186238733
536 3216 0.0004100937013080124 0 15.905783581102742 2.922482364810291 0.9949037186796522
537 3222 0.0006630085930411358 0 17.2423765645072 2.9224823645478 0.994903718528416
538 3228 0.0006648350906302188 0 16.89045792154853 2.922482364460812 0.9949037184783276
539 3234 0.0007902480810422761 0 17.375111057445693 2.9224823642746425 0.994903718371072
540 3240 0.0008173173791373054 0 15.621659552626067 2.9224823641654725 0.9949037183081647
541 3246 0.0007645833872160584 0 16.7615878829283 2.9224823647426392 0.9949037186405842
542 3252 0.0005478507734370159 0 16.231171562928658 2.9224823643468265 0.9949037184126287
543 3258 0.0005331474314504716 0 15.78154806507888 2.9224823644468843 0.9949037184702101
544 3264 0.000637985253367083 0 16.031580377592867 2.9224823642387663 0.9949037183503563
545 3270 0.0006354921443323674 0 16.97623115528175 2.9224823641866053 0.9949037183203001
546 3276 0.0005487243343836104 0 16.909323301022066 2.9224823642998414 0.9949037183855169
547 3282 0.0005875003423336233 0 16.460616833091755 2.922482364180712 0.9949037183168851
548 3288 0.0006340509446938834 0 16.619433282664705 2.9224823640884754 0.9949037182637879
549 3294 0.0007420876969544756 0 16.863905329622707 2.92248236383431 0.9949037181173415
550 3300 0.0005923634226893825 0 15.445802859806511 2.9224823641459894 0.9949037182968968
551 3306 0.0005755054919160679 0 16.011843151981626 2.922482364147094 0.9949037182975415
552 3312 0.0008379099026269369 0 17.21196584792433 2.9224823644432507 0.9949037184681594
553 3318 0.001002332642273868 0 16.667380521162755 2.922482364714979 0.9949037186246826
554 3324 0.0010742084691738238 0 15.87758789045305 2.922482364928608 0.9949037187477807
555 3330 0.0011149789254574333 0 16.210345999889565 2.922482365037205 0.9949037188103201
556 3336 0.0011588061277564032 0 17.379051616123526 2.9224823651431855 0.9949037188713671
557 3342 0.0011545693293153162 0 16.54536020176591 2.9224823644264117 0.9949037184584283
558 3348 0.001091286397772976 0 15.836010469819644 2.9224823644037863 0.9949037184454175
559 3354 0.0008228849252024564 0 16.37278269640483 2.922482364641228 0.9949037185822099
560 3360 0.0006437593110561459 0 16.677797082106363 2.9224823647437757 0.9949037186412757
561 3366 0.0005404493884746858 0 16.12116991998746 2.922482364504574 0.9949037185034686
562 3372 0.0005436576128837329 0 17.14895724507424 2.922482364516479 0.9949037185103219
563 3378 0.0005612659785806301 0 16.43333817469591 2.9224823646656377 0.9949037185962358
564 3384 0.0004346979658250896 0 16.11910304396477 2.922482364511729 0.994903718507585
565 3390 0.0003666517781714993 0 16.697360664897683 2.922482364572258 0.9949037185424471
566 3396 0.00037541540371430193 0 16.306488865724603 2.92248236450904 0.9949037185060275
567 3402 0.00034326213140939264 0 16.58019528164808 2.9224823645335403 0.9949037185201426
568 3408 0.00039147069716857443 0 17.356664635767718 2.922482364602307 0.994903718559761
569 3414 0.00045597826197544736 0 16.671997479779883 2.9224823646789506 0.9949037186039091
570 3420 0.0004041077782041916 0 17.490179784206212 2.922482364644876 0.9949037185842889
571 3426 0.00032186986408394103 0 16.096085424066715 2.922482364577218 0.9949037185453102
572 3432 0.0005143337699515605 0 16.997489948850763 2.9224823644949858 0.9949037184979412
573 3438 0.0006148243894644694 0 17.36828060661289 2.9224823644945412 0.9949037184976797
574 3444 0.0008246679549023784 0 15.951601180509149 2.922482364333526 0.9949037184049276
575 3450 0.0006660091522744742 0 16.30014254207953 2.9224823644486393 0.9949037184712417
576 3456 0.0006047776446546086 0 17.294471221128713 2.922482364249445 0.9949037183564899
577 3462 0.0004661630549423889 0 17.7109858158121 2.9224823643927467 0.9949037184390424
578 3468 0.0006785455501933072 0 16.62517158003833 2.9224823644124154 0.9949037184503774
579 3474 0.0005021093295793347 0 17.950387268436756 2.9224823643870765 0.9949037184357731
580 3480 0.000527870490503081 0 16.630698855198002 2.9224823644372635 0.9949037184646905
581 3486 0.0005877929660056675 0 16.32074161872548 2.922482364366347 0.9949037184238372
582 3492 0.0005225410862730068 0 17.695536870970006 2.922482364321705 0.9949037183981209
583 3498 0.0005599265888995687 0 16.02253084911351 2.9224823643172297 0.994903718395539
584 3504 0.0007884625841580501 0 16.418760597080308 2.9224823642242415 0.9949037183419717
585 3510 0.0011051873238234256 0 15.818480827713456 2.9224823645362985 0.994903718521733
586 3516 0.0009730586202092386 0 16.715851923245793 2.9224823645225335 0.9949037185138107
587 3522 0.0009182510139596579 0 17.013367374810986 2.922482364386031 0.9949037184351781
588 3528 0.0008184613161678651 0 16.900760418092148 2.9224823641615805 0.9949037183058795
589 3534 0.0007682819476537342 0 15.398057316695807 2.922482364523363 0.9949037185142863
590 3540 0.0008614067534462326 0 16.64335431560825 2.922482364638625 0.9949037185806857
591 3546 0.0007299594453760856 0 16.180705493127938 2.92248236457455 0.9949037185437746
592 3552 0.0010727085408374054 0 16.334838299718836 2.922482364074252 0.994903718255576
593 3558 0.0009571210460300596 0 16.351653433005165 2.9224823646487565 0.9949037185865233
594 3564 0.0009401693271487959 0 15.956868957531404 2.9224823644217826 0.9949037184557702
595 3570 0.0009424615095958634 0 15.370432716116573 2.9224823641680517 0.9949037183096066
596 3576 0.0007419541737016804 0 15.888553063291166 2.9224823643109175 0.994903718391906
597 3582 0.0006527810527680009 0 16.667361253742587 2.9224823642801057 0.9949037183741555
598 3588 0.0006523845616852906 0 17.02128778954485 2.9224823642994684 0.9949037183853094
599 3594 0.0006464420129748017 0 16.358571998650216 2.922482364169076 0.9949037183101981
600 3600 0.0007181929913058102 0 16.361962734166326 2.9224823640533106 0.99490371824351
601 3606 0.0006895054126721025 0 16.611865208095065 2.9224823642024695 0.9949037183294337
602 3612 0.0010560136662966049 0 16.088779904432624 2.9224823636700252 0.9949037180227165
603 3618 0.0010816077512481675 0 15.655248898039865 2.9224823635409916 0.9949037179483882
604 3624 0.000938929497173268 0 17.56253698920518 2.9224823639991677 0.9949037182123206
605 3630 0.000869904878231682 0 17.208103240648096 2.9224823642476014 0.9949037183554312
605 3630 0.000869904878231682 0 17.208103240648096 2.9224823642476014 0.9949037183554312
